0
0
0
0
0
0
0
0
39.342
34.824
40.416
48.5
83.252
14.92
9.328
2.484
0
0
0
0
0
0
0
0
0
0
0
0
0
0
0
0
163.946
237.528
67.77
90.22
135.616
138.08
51.422
18.208
0
0
0
0
0
0
0
0
0
0
0
0
0
0
0
0
188.654
241.01
275.482
256.686
288.928
305.176
55.258
43.906
0
0
0
0
0
0
0
0
0
0
0
0
0
0
0
0
200.698
268.56
295.486
287.734
293.844
218.63
229.948
29.266
0
0
0
0
0
0
0
0
0
0
0
0
0
0
0
0
71.484
18.032
37.932
41.04
24.872
21.14
53.766
10.568
0
0
0
0
0
0
0
0
0
0
0
0
0
0
0
0
30.596
64.606
60.936
60.312
62.804
67.92
49.208
20.282
0
0
0
0
0
0
0
0
0
0
0
0
0
0
0
0
18.032
73.616
51.612
52.852
45.392
35.44
25.496
11.812
0
0
0
0
0
0
0
0
0
0
0
0
0
0
0
0
26.732
49.542
34.824
42.904
47.876
31.712
102.45
154.262
0
0
0
0
0
0
0
0
0
0
0
0
0
0
0
0
162.176
108.658
60.936
62.18
60.312
49.744
45.342
12.436
0
0
0
0
0
0
0
0
0
0
0
0
0
0
0
0
71.768
93.742
44.148
83.39
25.496
34.824
28.604
9.952
0
0
0
0
0
0
0
0
0
0
0
0
0
0
0
0
130.774
143.348
54.096
103.37
92.734
52.228
45.916
22.276
0
0
0
0
0
0
0
0
0
0
0
0
0
0
0
0
62.14
60.31
52.228
59.696
72.48
59.696
40.416
8.084
0
0
0
0
0
0
0
0
0
0
0
0
0
0
0
0
16.168
33.576
37.932
42.284
31.088
30.468
55.622
17.412
0
0
0
0
0
0
0
0
0
0
0
0
0
0
0
0
37.498
63.756
246.036
148.044
98.972
137.08
21.764
13.06
0
0
0
0
0
0
0
0
0
0
0
0
0
0
0
0
233.468
289.31
301.016
297.836
283.954
256.686
271.274
208.444
0
0
0
0
0
0
0
0
0
0
0
0
0
0
0
0
206.796
301.994
319.228
307.722
286.14
332.372
303.782
197.648
0
0
0
0
0
0
0
0
0
0
0
0
0
0
0
0
38.366
29.848
31.712
31.088
27.356
29.224
43.524
41.89
0
0
0
0
0
0
0
0
0
0
0
0
0
0
0
0
152.842
121.2
176.554
182.836
126.178
162.34
81.568
51.032
0
0
0
0
0
0
0
0
0
0
0
0
0
0
0
0
220.776
319.7
239.53
245.13
225.664
244.98
244.116
203.632
0
0
0
0
0
0
0
0
0
0
0
0
0
0
0
0
69.43
76.966
54.72
142.342
97.954
91.652
79.378
37.316
0
0
0
0
0
0
0
0
0
0
0
0
0
0
0
0
110.476
127.172
111.474
197.628
157.332
192.612
261.238
229.114
0
0
0
0
0
0
0
0
0
0
0
0
0
0
0
0
54.744
68.018
128.904
100.02
107.232
118.366
91.794
103.474
0
0
0
0
0
0
0
0
0
0
0
0
0
0
0
0
75.608
108.71
114.874
160.904
261.502
242.84
255.96
185.624
0
0
0
0
0
0
0
0
0
0
0
0
0
0
0
0
44.982
39.176
54.096
99.332
99.99
24.248
41.66
91.852
0
0
0
0
0
0
0
0
0
0
0
0
0
0
0
0
252.346
305.942
310.548
278.27
261.338
294.676
297.704
220.516
0
0
0
0
0
0
0
0
0
0
0
0
0
0
0
0
177.03
147.9
128.01
236.804
117.46
103.306
176.242
93.516
0
0
0
0
0
0
0
0
0
0
0
0
0
0
0
0
34.68
37.308
37.932
144.348
130.312
181.22
242.61
95.974
0
0
0
0
0
0
0
0
0
0
0
0
0
0
0
0
14.92
41.04
84.828
174.368
113.976
49.12
32.956
68.402
0
0
0
0
0
0
0
0
0
0
0
0
0
0
0
0
85.278
97.234
234.672
280.394
286.824
301.246
300.47
186.348
0
0
0
0
0
0
0
0
0
0
0
0
0
0
0
0
279.564
275.832
307.204
320.512
288.93
289.11
256.91
272.254
0
0
0
0
0
0
0
0
0
0
0
0
0
0
0
0
166.78
72.534
239.438
228.216
286.614
280.626
327.96
248.35
0
0
0
0
0
0
0
0
0
0
0
0
0
0
0
0
13.06
23.004
65.288
43.524
47.26
46.012
33.576
49.692
0
0
0
0
0
0
0
0
0
0
0
0
0
0
0
0
194.502
250.522
253.706
249.488
178.87
192.928
173.918
78.92
0
0
0
0
0
0
0
0
0
0
0
0
0
0
0
0
39.988
36.064
36.064
57.828
54.096
70.884
47.876
51.17
0
0
0
0
0
0
0
0
0
0
0
0
0
0
0
3.952
46.378
81.162
73.372
76.484
54.096
49.744
57.204
50.856
3.732
0
0
0
0
0
0
0
0
0
0
0
0
0
0
3.392
71.7
101.834
75.86
80.832
68.396
69.02
58.448
95.8
1.868
0
0
0
0
0
0
0
0
0
0
0
0
0
0
3.108
61.82
80.35
69.64
73.992
69.64
55.96
52.852
46.73
2.484
0
0
0
0
0
0
0
0
0
0
0
0
0
0
3.108
66.128
92.364
126.534
67.776
50.988
41.66
87.164
64.458
1.868
0
0
0
0
0
0
0
0
0
0
0
0
0
0
4.352
146.55
190.064
191.35
189.912
223.138
214.906
155.034
135.866
3.108
0
0
0
0
0
0
0
0
0
0
0
0
0
0
6.84
107.276
121.402
70.264
151.338
164.276
56.584
128.028
34.824
6.216
0
0
0
0
0
0
0
0
0
0
0
0
0
0
5.596
37.932
100.75
41.04
247.178
116.864
59.696
47.26
27.98
3.108
0
0
0
0
0
0
0
0
0
0
0
0
0
0
27.956
123.806
93.134
279.324
183.256
262.614
173.152
62.804
172.964
23.322
0
0
0
0
0
0
0
0
0
0
0
0
0
0
137.766
186.218
275.18
289.53
324.734
238.638
165.952
198.858
264.984
11.192
0
0
0
0
0
0
0
0
0
0
0
0
0
0
133.476
283.91
357.258
366.048
340.436
341.702
344.688
358.01
299.746
144.37
0
0
0
0
0
0
0
0
0
0
0
0
0
0
158.536
283.958
360.226
370.434
345.956
346.9
362.062
358.982
286.6
46.888
0
0
0
0
0
0
0
0
0
0
0
0
0
0
179.706
305.46
363.086
378.012
355.638
354.83
381.616
363.92
307.82
181.674
0
0
0
0
0
0
0
0
0
0
0
0
0
0
188.55
315.816
369.898
382.44
359.138
357.3
387.616
366.798
315.868
176.348
0
0
0
0
0
0
0
0
0
0
0
0
0
0
189.906
317.934
370.592
383.426
359.556
357.83
389.192
371.536
317.016
197.11
0
0
0
0
0
0
0
0
0
0
0
0
0
0
182.278
312.436
365.298
378.078
355.964
355.156
376.728
363.592
298.102
196.322
0
0
0
0
0
0
0
0
0
0
0
0
0
0
172.12
292.776
347.068
360.978
348.086
344.618
371.57
351.888
281.774
184.196
0
0
0
0
0
0
0
0
0
0
0
0
0
0
174.814
296.582
356.072
370.444
351.308
348.29
357.89
333.714
203.26
167.978
0
0
0
0
0
0
0
0
0
0
0
0
0
0
184.35
311.91
361.406
375.072
353.214
348.77
375.832
360.562
300.386
193.44
0
0
0
0
0
0
0
0
0
0
0
0
0
0
61.24
158.886
223.144
297.192
270.458
273.996
175.118
49.744
32.956
64.294
0
0
0
0
0
0
0
0
0
0
0
0
0
0
50.05
95.076
107.03
156.774
280.314
321.862
377.294
346.87
296.678
85.142
0
0
0
0
0
0
0
0
0
0
0
0
0
0
220.606
325.736
380.37
391.474
365.65
360.37
392.358
378.822
329.616
222.774
0
0
0
0
0
0
0
0
0
0
0
0
0
0
202.144
323.132
381.492
392.342
365.674
363.208
392.65
376.488
329.606
225.342
0
0
0
0
0
0
0
0
0
0
0
0
0
0
189.38
312.844
363.84
389.064
364.848
361.386
390.568
369.896
320.326
173.988
0
0
0
0
0
0
0
0
0
0
0
0
0
0
224.632
329.528
378.864
387.446
361.618
357.936
387.97
364.582
325.86
223.186
0
0
0
0
0
0
0
0
0
0
0
0
0
0
231.726
333.346
380.934
384.206
362.184
356.75
390.51
375.956
326.496
224.904
0
0
0
0
0
0
0
0
0
0
0
0
0
0
33.266
27.98
40.416
93.892
145.686
85.808
102.596
69.64
103.272
46.62
0
0
0
0
0
0
0
0
0
0
0
0
0
0
56.614
82.258
262.868
272.86
239.018
116.9
159.614
301.084
224.318
138.252
0
0
0
0
0
0
0
0
0
0
0
0
0
0
144.698
304.332
368.958
381.658
353.662
315.002
385.086
215.636
271.456
192.074
0
0
0
0
0
0
0
0
0
0
0
0
0
0
28.604
32.332
136.484
42.284
39.176
52.228
64.664
315.636
32.332
66.742
0
0
0
0
0
0
0
0
0
0
0
0
0
0
224.958
335.36
385.746
389.382
364.766
362.39
393.582
340.974
289.002
90.206
0
0
0
0
0
0
0
0
0
0
0
0
0
0
104.928
192.444
216.626
212.842
326.526
208.014
181.304
65.288
147.992
27.356
0
0
0
0
0
0
0
0
0
0
0
0
0
0
8.704
18.032
121.1
199.844
240.626
179.896
277.892
277.66
309.608
214.196
0
0
0
0
0
0
0
0
0
0
0
0
0
0
40.314
68.9
73.992
146.298
86.428
55.34
63.424
242.324
309.698
143.402
0
0
0
0
0
0
0
0
0
0
0
0
0
0
67.568
119.88
83.944
152.082
128.686
98.864
59.072
213.366
18.032
26.116
0
0
0
0
0
0
0
0
0
0
0
0
0
0
31.088
31.712
70.264
234.43
197.486
121.252
98.244
231.822
84.158
229.934
0
0
0
0
0
0
0
0
0
0
0
0
0
6.216
20.52
38.552
59.072
149.168
59.072
83.32
242.204
244.532
65.912
247.282
0
0
0
0
0
0
0
0
0
0
0
0
0
12.88
232.264
311.86
372.772
307.932
351.076
265.236
60.936
327.836
165.96
80.504
0
0
0
0
0
0
0
0
0
0
0
0
0
13.062
252.192
346.416
345.492
330.396
96.38
344.67
167.32
383.978
111.19
133.528
0
0
0
0
0
0
0
0
0
0
0
0
0
13.326
79.364
74.616
85.184
82.076
124.984
84.568
0
56.584
39.792
27.356
3.108
0
0
0
0
0
0
0
0
0
0
0
0
1.868
17.412
43.524
53.476
66.532
95.756
68.396
86.428
99.69
93.698
43.228
3.108
0
0
0
0
0
0
0
0
0
0
0
0
20.754
226.97
354.476
398.834
405.664
377.27
382.45
406.778
395.968
349.12
228.006
13.264
0
0
0
0
0
0
0
0
0
0
0
0
30.31
248.742
117.084
304.326
185.974
85.184
139.854
85.184
72.132
145.206
25.496
8.084
0
0
0
0
0
0
0
0
0
0
0
0
13.06
119.91
272.776
332.68
64.048
175.498
249.954
247.32
166.422
184.652
87.94
13.95
0
0
0
0
0
0
0
0
0
0
0
0
24.032
129.434
209.146
394.986
380.524
381.094
305.746
185.342
159.726
330.824
215.836
9.328
0
0
0
0
0
0
0
0
0
0
0
0
141.106
279.736
368.298
407.85
413.932
382.882
390.394
415.398
405.622
359.022
243.866
24.62
0
0
0
0
0
0
0
0
0
0
0
0
149.32
285.716
367.938
407.714
413.78
384.172
391.46
415.708
405.16
358.456
235.312
24.69
0
0
0
0
0
0
0
0
0
0
0
0
140.118
283.408
365.724
406.018
410.532
383.268
390.86
414.532
401.018
351.78
257.11
20.866
0
0
0
0
0
0
0
0
0
0
0
0
147.888
279.518
362.628
403.556
410.61
381.83
388.584
411.18
400.938
354.972
247.95
32.706
0
0
0
0
0
0
0
0
0
0
0
0
145.724
278.848
358.908
400.972
407.006
378.846
387.658
408.196
396.952
352.46
243.18
33.348
0
0
0
0
0
0
0
0
0
0
0
0
30.648
128.704
125.566
203.636
231.226
293.606
216.016
78.348
99.488
194.026
238.154
112.244
0
0
0
0
0
0
0
0
0
0
0
0
42.194
101.372
201.984
235.338
379.004
365.972
382.954
394.45
378.05
355.848
256.968
119.164
0
0
0
0
0
0
0
0
0
0
0
0
148.25
288.306
362.886
401.384
406.598
379.272
387.964
404.582
368.36
260.26
222.09
105.294
0
0
0
0
0
0
0
0
0
0
0
0
177.808
296.66
367.348
407.086
412.56
383.468
393.236
410.904
385.464
332.906
238.41
125.226
0
0
0
0
0
0
0
0
0
0
0
0
179.182
294.594
367.526
407.236
411.71
383.336
393.066
414.104
403.824
353.262
264.508
139.152
0
0
0
0
0
0
0
0
0
0
0
0
188.946
294.708
369.68
410.246
415.014
385.154
396.058
417.356
404.3
354.516
269.272
134.036
0
0
0
0
0
0
0
0
0
0
0
0
181.98
289.844
361.386
403.218
408.264
380.774
391.64
412.114
395.966
347.598
261.14
131.626
0
0
0
0
0
0
0
0
0
0
0
0
178.852
287.09
364.146
403.032
407.046
381.974
393.056
411.946
393.624
280.96
187.698
94.114
0
0
0
0
0
0
0
0
0
0
0
0
143.442
271.62
348.628
398.678
404.25
379.504
388.278
344.29
285.346
203.194
72.544
58.732
0
0
0
0
0
0
0
0
0
0
0
0
34.564
232.252
341.368
340.38
348.918
329.358
346.174
273.512
50.988
46.012
76.71
71.484
0
0
0
0
0
0
0
0
0
0
0
0
13.68
18.032
39.176
113.168
73.372
80.832
64.048
61.556
53.476
35.44
36.684
14.236
0
0
0
0
0
0
0
0
0
0
0
0
56.454
80.378
122.61
131.866
261.668
295.168
249.366
187.668
235.308
219.594
193.622
144.788
0
0
0
0
0
0
0
0
0
0
0
0
114.976
180.438
233.92
366.452
333.06
124.36
191.876
237.382
383.046
340.594
201.622
87.74
0
0
0
0
0
0
0
0
0
0
0
0
8.704
101.086
147.87
130.604
168.888
211.162
162.794
124.984
69.02
125.238
78.316
75.854
0
0
0
0
0
0
0
0
0
0
0
0
78.622
147.522
362.342
359.04
252.536
345.442
244.562
190.002
192.836
210.648
134.962
118.55
0
0
0
0
0
0
0
0
0
0
0
0
33.576
61.556
178.522
313.258
327.926
343.442
370.83
302.426
338.946
340.22
244.42
155.346
0
0
0
0
0
0
0
0
0
0
0
2.256
14.92
69.02
87.676
82.076
90.16
146.124
146.748
226.256
44.148
69.64
30.468
27.266
0
0
0
0
0
0
0
0
0
0
0
1.128
10.568
40.416
52.228
83.32
93.892
157.94
142.396
82.7
72.132
53.476
34.824
16.788
0
0
0
0
0
0
0
0
0
0
0
8.472
152.16
204.102
280.47
345.156
388.046
310.02
0
246.342
201.204
220.33
169.634
40.17
0
0
0
0
0
0
0
0
0
0
0
4.976
86.628
134.318
166.842
207.058
178.126
330.644
260.398
126.228
119.384
57.828
60.936
21.764
0
0
0
0
0
0
0
0
0
0
0
2.484
90.606
80.476
79.592
171.05
97.004
84.568
71.508
79.592
85.808
92.648
75.386
82.04
0
0
0
0
0
0
0
0
0
0
0
6.84
72.844
101.49
131.524
139.274
139.284
224.29
263.75
419.474
405.394
357.364
279.818
182.954
0
0
0
0
0
0
0
0
0
0
0
8.084
158.788
214.084
314.088
375.716
393.474
328.536
320.232
230.516
113.168
91.404
51.612
62.792
0
0
0
0
0
0
0
0
0
0
0
9.952
127.444
299.614
351.822
391.554
328.288
340.67
377.686
403.54
372.866
342.228
233.824
179.382
0
0
0
0
0
0
0
0
0
0
0
17.558
225.716
316.416
377.646
412.534
411.46
379.58
396.624
414.866
401.422
352.09
274.788
184.202
0
0
0
0
0
0
0
0
0
0
0
26.96
230.98
312.908
376.338
407.82
408.422
378.102
393.146
392.954
392.806
329.662
272.076
69.072
0
0
0
0
0
0
0
0
0
0
0
124.284
240.61
325.002
385.972
416.71
414.746
381.936
399.236
419.736
406.062
361.752
284.12
189.61
0
0
0
0
0
0
0
0
0
0
0
147.526
165.704
230.086
330.094
374.744
414.48
389.81
386.384
299.304
404.56
352.582
290.418
204.346
0
0
0
0
0
0
0
0
0
0
0
106.556
211.68
305.606
340.906
326.056
374.072
379.282
394.48
372.028
123.736
193.584
130.298
63.03
0
0
0
0
0
0
0
0
0
0
0
9.328
40.416
69.02
205.786
184.368
287.516
284.252
379.218
404.544
375.202
350.234
277.604
193.068
0
0
0
0
0
0
0
0
0
0
0
11.192
234.934
272.552
362.104
384.882
397.396
374.794
382.146
396.422
390.446
210.638
262.122
181.354
0
0
0
0
0
0
0
0
0
0
0
141.032
241.684
321.284
379.414
406.69
405.61
370.772
389.032
313.676
276.294
222.562
277.088
138.746
0
0
0
0
0
0
0
0
0
0
0
33.044
18.032
81.456
42.284
57.204
77.724
72.132
90.784
197.61
162.908
181.676
108.448
101.248
0
0
0
0
0
0
0
0
0
0
0
24.766
41.04
133.716
156.442
202.71
228.378
297.82
258.014
345.532
219.33
34.2
57.828
45.792
1.244
0
0
0
0
0
0
0
0
0
0
26.578
49.744
139.602
218.724
280.704
176.32
288.098
178.906
98.864
210.99
102.596
100.652
200.438
6.216
0
0
0
0
0
0
0
0
0
0
31.324
76.06
179.97
87.052
82.076
256.474
376.716
257.548
145.504
47.876
47.876
65.912
43.062
2.484
0
0
0
0
0
0
0
0
0
0
10.568
67.94
231.296
345.83
329.444
253.622
272.096
229.256
219.756
113.168
156.274
264.084
190.352
6.216
0
0
0
0
0
0
0
0
0
0
91.516
167.078
241.756
376.5
415.744
413.252
381.422
400.682
418.396
405.244
357.788
279.074
197.298
13.486
0
0
0
0
0
0
0
0
0
0
145.086
234.32
283.504
275.702
394.274
322.27
141.772
240.63
166.534
159.706
57.204
25.496
36.064
2.484
0
0
0
0
0
0
0
0
0
0
14.92
113.708
182.93
115.656
245.14
195.144
170.376
283.608
273.024
191.256
192.166
54.096
56.502
7.46
0
0
0
0
0
0
0
0
0
0
29.998
124.974
138.624
170.59
156.616
178.154
83.32
92.648
99.488
61.556
85.808
25.496
20.52
9.328
0
0
0
0
0
0
0
0
0
0
17.412
33.576
54.72
86.428
66.532
58.448
131.2
92.648
102.596
138.04
150.54
108.758
32.332
8.704
0
0
0
0
0
0
0
0
0
0
84.378
130.404
296.866
364.912
378.386
255.036
206.788
388.26
260.564
183.134
207.552
219.772
229.572
98.078
0
0
0
0
0
0
0
0
0
0
77.39
133.474
315.822
362.346
373.622
413.864
385.13
393.944
409.17
395.554
238.44
120.862
68.528
10.568
0
0
0
0
0
0
0
0
0
0
9.328
30.468
57.828
101.972
187.83
108.816
109.44
83.32
71.508
67.156
60.936
38.552
16.788
6.84
0
0
0
0
0
0
0
0
0
0
59.766
256.284
97.004
261.904
111.924
349.612
341.498
360.852
287.776
58.448
172.952
193.93
79.49
15.952
0
0
0
0
0
0
0
0
0
0
17.412
124.74
168.908
204.074
201.158
233.504
260.388
231.176
292.97
224.54
208.582
87.964
170.24
19.042
0
0
0
0
0
0
0
0
0
0
7.46
32.332
46.012
78.968
84.568
70.264
141.148
400.994
224.982
296.346
134.442
167.654
11.812
3.732
0
0
0
0
0
0
0
0
0
0
53.982
121.108
281.414
370.27
374.164
331.704
368.016
378.876
198.234
269.054
280.462
159.98
51.618
3.108
0
0
0
0
0
0
0
0
0
0
164.442
217.448
140.172
343.452
385.57
300.646
151.1
101.972
111.924
228.57
266.58
203.262
85.348
29.962
0
0
0
0
0
0
0
0
0
0
220.65
279.46
333.634
387.384
415.046
413.728
386.18
403.4
417.328
389.894
319.202
270.77
209.98
118.382
0
0
0
0
0
0
0
0
0
0
196.55
180.308
244.712
318.886
351.848
377.956
233.84
210.842
85.808
181.108
108.192
99.204
59.066
30.68
0
0
0
0
0
0
0
0
0
0
110.99
168.256
167.57
272.566
282.812
354.222
374.996
396.642
329.824
334.714
288.47
249.276
213.558
98.16
0
0
0
0
0
0
0
0
0
0
153.68
203.126
240.71
345.712
269.682
332.136
345.802
384
368.656
306.56
187.476
65.858
21.14
25.836
0
0
0
0
0
0
0
0
0
1.128
12.436
57.204
82.7
195.336
218.842
236.346
268.156
236.812
267.826
295.044
205.39
104.772
104.318
27.628
0
0
0
0
0
0
0
0
0
1.128
14.304
154.408
223.728
229.638
226.514
165.4
260.438
217.242
165.254
207.64
242.778
155.998
20.52
114.42
0
0
0
0
0
0
0
0
0
1.128
9.328
37.308
53.476
81.456
80.832
76.484
92.028
101.972
64.664
60.936
42.904
30.85
13.68
4.352
0
0
0
0
0
0
0
0
0
1.128
39.542
86.344
78.348
111.924
224.026
333.624
90.784
111.3
106.948
76.484
50.368
41.04
71.26
4.352
0
0
0
0
0
0
0
0
0
6.776
128.424
202.378
316.918
380.41
403.396
404.858
372.676
395.598
402.264
376.142
300.872
118.556
60.8
4.352
0
0
0
0
0
0
0
0
0
6.216
210.114
275.862
321.598
377.19
404.52
401.534
373.208
384.362
406.842
392.672
348.024
281.536
237.672
147.036
0
0
0
0
0
0
0
0
0
1.244
101.846
216.488
311.27
371.386
397.712
395.986
359.22
390.526
378.56
0
228.542
264.69
148.36
132.05
0
0
0
0
0
0
0
0
0
2.484
20.52
54.72
82.7
74.616
59.696
184.3
378.382
386.258
243.046
44.768
220.734
202.138
99.982
99.174
0
0
0
0
0
0
0
0
0
3.108
50.782
170.978
286.566
346.748
381.446
291.892
231.678
275.214
73.992
86.428
111.3
244.28
160.062
133.526
0
0
0
0
0
0
0
0
0
27.34
54.234
141.488
216.974
282.544
399.314
385.402
357.216
293.644
271.872
200.882
165.914
184.946
73.582
31.708
0
0
0
0
0
0
0
0
0
4.976
112.246
19.276
29.224
78.348
79.592
73.992
216.118
98.864
64.664
64.664
50.368
36.064
31.712
8.084
0
0
0
0
0
0
0
0
0
1.868
21.14
87.868
88.296
157.698
120.008
151.1
100.732
64.664
274.854
252.068
77.1
43.524
27.356
8.704
0
0
0
0
0
0
0
0
0
46.402
183.524
280.718
325.994
381.312
406.99
402.254
363.562
395.106
407.894
396.66
356.278
301.75
266.922
164.404
0
0
0
0
0
0
0
0
0
82.382
228.126
284.4
319.17
371.39
398.376
395.79
361.658
381.49
399.966
388.176
347.838
289.536
252.844
139.198
0
0
0
0
0
0
0
0
0
90.116
221.862
284.236
321.148
372.928
400.018
395.856
360.624
381.656
401.538
389.906
348.408
291.712
236.23
150.608
0
0
0
0
0
0
0
0
0
102.098
229.962
286.428
322.262
375.296
401.824
398.594
365.598
386.262
403.9
391.358
349.596
293.616
256.684
162.838
0
0
0
0
0
0
0
0
0
89.79
217.902
279.632
316.014
370.376
397.106
396.074
366.182
384.966
363.796
251.052
301.11
79.592
99.174
11.192
0
0
0
0
0
0
0
0
0
37.392
50.304
266.29
312.916
368.06
397.166
395.258
364.9
381.94
399.708
386.754
345.508
283.168
238.814
122.918
0
0
0
0
0
0
0
0
0
4.352
188.914
253.482
242.128
349.368
392.082
390.788
360.944
383.708
354.758
376.356
200.764
106.566
100.76
14.92
0
0
0
0
0
0
0
0
0
2.484
26.116
56.584
60.936
61.556
65.912
60.312
93.268
85.808
95.136
107.572
147.188
101.502
174.656
95.604
0
0
0
0
0
0
0
0
0
4.976
32.956
86.334
108.802
191.152
394.914
394.41
364.138
379.434
399.064
343.942
341.226
287.362
177.946
82.17
0
0
0
0
0
0
0
0
0
2.484
13.06
301.902
324.242
377.438
404.484
402.108
371.11
385.144
406.286
395.054
355.482
298.634
270.628
169.34
0
0
0
0
0
0
0
0
0
84.092
115.812
105.114
71.508
83.32
67.776
98.864
64.664
147.364
59.696
70.884
97.62
169.198
110.352
148.532
0
0
0
0
0
0
0
0
0
79.5
29.848
38.552
180.894
211.926
379.118
332.156
59.696
50.988
87.052
60.936
67.156
28.604
24.872
25.496
0
0
0
0
0
0
0
0
0
32.722
10.568
60.936
57.204
67.156
72.748
78.348
116.276
142.396
93.892
92.648
65.912
150.276
257.282
95.028
0
0
0
0
0
0
0
0
0
3.108
10.568
134.91
159.332
306.946
396.44
399.56
375.958
327.008
262.548
327.778
238.778
121.794
15.544
31.272
0
0
0
0
0
0
0
0
0
9.328
79.08
272.93
318.162
370.534
393.438
399.962
372.266
373.274
396.362
387.932
336.362
296.602
262.55
171.496
0
0
0
0
0
0
0
0
0
22.374
47.504
203.544
306.078
361.086
366.714
239.036
319.754
385.146
329.73
380.432
281.068
49.12
195.18
31.872
0
0
0
0
0
0
0
0
0
6.84
36.064
171.514
133.042
125.604
331.706
380.802
375.924
386.89
352.016
319.514
260.804
299.03
19.896
6.84
0
0
0
0
0
0
0
0
0
17.048
21.764
124.688
230.96
217.932
133.688
345.962
335.128
381.27
396.01
378.438
307.988
292.178
246.35
175.698
0
0
0
0
0
0
0
0
0
63.984
184.082
253.054
264.54
328.664
362.778
398.21
380.242
389.838
399.246
387.696
348.82
296.542
257.034
179.928
0
0
0
0
0
0
0
0
0
45.786
202.674
275.162
309.016
360.32
390.488
389.37
372.71
275.048
389.46
56.584
72.132
46.012
95.678
8.084
0
0
0
0
0
0
0
0
0
80.106
217.268
281.394
311.406
364.154
390.908
390.442
363.864
375.21
393.92
383.662
345.242
292.792
188.034
8.704
0
0
0
0
0
0
0
0
0
6.216
57.746
26.74
197.26
66.532
368.446
111.3
121.876
100.732
361.894
370.316
298.132
173.682
15.544
10.568
0
0
0
0
0
0
0
0
0
8.704
35.44
223.086
227.69
193.374
98.864
161.048
226.5
259.3
110.056
258.766
189.34
195.338
55.34
18.032
0
0
0
0
0
0
0
0
0
2.484
43.152
88.498
88.92
118.14
90.784
89.536
128.092
163.536
170.82
283.168
288.83
189.572
111.702
6.84
0
0
0
0
0
0
0
0
0
21.966
38.552
161.534
274.736
303.7
357.032
389.504
375.77
381.986
392.868
382.65
344.096
287.706
219.028
66.91
0
0
0
0
0
0
0
0
0
76.972
221.27
281.598
312.4
365.304
392.058
390.53
363.428
373.422
394.5
384.26
345.08
280.718
256.276
120.868
0
0
0
0
0
0
0
0
0
42.08
175.782
261.612
301.824
358.394
388.818
389.658
363.604
376.748
392.91
381.47
342.364
288.284
226.464
111.296
0
0
0
0
0
0
0
0
0
32.194
172.29
262.274
302.428
357.84
386.244
385.962
360.884
371.05
389.104
379.334
341.776
288.572
246.156
143.474
0
0
0
0
0
0
0
0
0
28.036
173.702
268.958
305.514
361.2
390.606
391.61
364.194
377.044
394.402
383.438
344.546
290.378
246.078
152.504
0
0
0
0
0
0
0
0
0
28.212
177.468
267.51
307.41
364.048
393.178
393.454
365.536
381.486
396.194
386.188
350.296
299.842
267.336
188.728
0
0
0
0
0
0
0
0
0
69.792
224.764
290.046
315.358
368.704
395.898
394.964
368.862
377.72
398.242
389.82
353.078
301.34
263.564
175.446
0
0
0
0
0
0
0
0
0
27.93
175.458
266.044
303.856
361.556
390.214
390.734
364.548
376.04
393.884
383.166
342.782
280.656
105.914
135.098
0
0
0
0
0
0
0
0
0
6.216
195.088
229.708
133.096
361.118
388.78
388.54
362.522
371.88
392.422
382.63
311.018
229.662
162.284
6.84
0
0
0
0
0
0
0
0
0
9.328
147.792
117.698
152.578
174.094
386.892
388.992
363.82
376.06
370.146
371.564
320.89
245.826
179.102
36.872
0
0
0
0
0
0
0
0
0
5.596
34.824
201.25
219.95
322.022
381.476
378.294
371.058
376.582
390.358
379.756
294.05
141.738
55.96
6.84
0
0
0
0
0
0
0
0
0
21.404
164.65
263.228
268.842
351.388
389.846
390.154
365.402
373.554
393.204
383.718
346.904
292.248
246.358
161.666
0
0
0
0
0
0
0
0
0
22.312
200.068
270.39
300.356
364.896
393.458
397.52
381.668
384.43
396.956
385.376
350.63
295.754
259.916
182.864
0
0
0
0
0
0
0
0
0
21.876
189.918
126.882
93.892
261.338
149.856
67.776
129.336
139.904
47.876
118.14
213.196
286.884
247.894
134.778
0
0
0
0
0
0
0
0
0
15.678
129.162
274.988
301.708
164.984
385.546
231.044
376.088
366.032
352.836
346.802
324.59
255.376
79.86
157.078
0
0
0
0
0
0
0
0
0
1.868
12.436
93.328
190.89
282.67
275.872
391.022
315.858
315.57
253.346
206.59
183.42
83.944
99.576
13.06
0
0
0
0
0
0
0
0
0
3.952
32.332
50.368
88.296
163.192
325.084
292.592
286.036
284.502
260.06
334.214
336.846
280.75
246.562
176.624
0
0
0
0
0
0
0
0
0
9.04
162.496
268.764
308.144
366.964
395.63
396.134
373.476
376.372
399.424
391.002
354.38
294.958
262.766
185.452
0
0
0
0
0
0
0
0
0
3.952
207.892
92.768
83.944
191.234
210.306
273.926
304.658
351.82
78.968
87.052
166.302
60.936
41.66
21.764
0
0
0
0
0
0
0
0
0
2.256
110.768
162.92
130.762
200.928
70.884
149.856
377.356
268.014
251.282
277.122
199.532
113.434
83.49
107.272
0
0
0
0
0
0
0
0
0
1.128
83.14
231.338
296.328
350.858
376.722
398.026
382.228
350.25
283.338
257.92
272.76
149.046
158.812
82.738
0
0
0
0
0
0
0
0
0
7.344
187.43
267.062
306.428
365.064
389.704
380.886
364.222
377.778
392.58
377.758
254.368
67.044
37.932
14.92
0
0
0
0
0
0
0
0
0
1.128
20.52
26.74
32.332
111.3
269.114
242.258
144.256
216.67
290.684
267.328
326.166
253.948
169.938
90.804
0
0
0
0
0
0
0
0
0
4.52
183.526
218.636
284.792
366.68
396.86
400.006
374.17
380.102
401.166
392.73
356.25
287.046
257.99
180.772
0
0
0
0
0
0
0
0
0
6.776
200.086
269.19
308.002
367.168
395.212
399.902
383.21
385.622
372.286
386.388
328.956
249.382
174.978
57.848
0
0
0
0
0
0
0
0
0
3.392
183.7
271.46
287.594
362.076
393.234
397.528
377.324
382.976
397.494
382.108
331.572
262.45
164.282
151.514
0
0
0
0
0
0
0
0
0
0
67.138
219.908
281.598
358.03
389.4
393.47
373.864
380.24
391.206
383.712
347.822
280.94
238.83
157.784
0
0
0
0
0
0
0
0
0
0
193.564
221.572
253.306
342.64
387.098
365.872
373.324
377.418
390.312
361.018
94.512
227.362
225.264
169.582
0
0
0
0
0
0
0
0
0
0
37.268
83.892
151.832
264.9
365.332
384.296
342.996
368.312
324.408
314.718
308.628
258.966
110.8
99.346
0
0
0
0
0
0
0
0
0
0
152.596
245.098
294.518
351.04
386.232
391.964
374.566
376.1
380.186
366.624
340.896
266.332
98.718
20.52
0
0
0
0
0
0
0
0
0
0
173.1
253.066
300.556
357.142
388.324
390.334
366.198
372.682
392.776
382.616
341.78
280.622
233.5
123.12
0
0
0
0
0
0
0
0
0
0
165.538
251.834
301
359.08
390.802
394.104
369.942
376.096
396.356
385.698
347.336
279.64
221.444
96.072
0
0
0
0
0
0
0
0
0
0
142.71
243.732
297.86
358.134
390.024
393.024
370.196
375.776
395.164
334.624
243.246
113.718
166.486
104.486
0
0
0
0
0
0
0
0
0
0
42.59
234.092
287.722
349.566
385.132
392.202
369.204
375.816
393.712
366.566
100.732
33.576
19.896
8.704
0
0
0
0
0
0
0
0
0
0
19.896
209.024
165.642
332.018
376.138
377.394
372.628
331.662
53.476
46.012
32.956
23.628
26.116
13.68
0
0
0
0
0
0
0
0
0
0
21.764
24.872
49.744
56.584
60.936
62.804
84.568
75.86
79.592
59.696
59.696
41.04
13.68
6.216
0
0
0
0
0
0
0
0
0
0
112.752
134.702
191.73
277.778
320.658
200.362
353.072
132.444
98.244
204.598
166.248
150.106
114.676
108.114
0
0
0
0
0
0
0
0
0
0
167.902
254.512
305.748
364.822
395.946
398.586
371.714
380.14
400.628
392.252
346.554
276.174
171.152
38.558
0
0
0
0
0
0
0
0
0
0
15.544
106.556
118.698
213.204
138.664
121.876
94.512
374.354
336.278
343.612
179.082
134.252
31.088
18.652
0
0
0
0
0
0
0
0
0
0
145.786
247.886
300.974
364.768
394.47
398.128
372.672
381.15
400.906
387.716
333.122
233.994
166.61
53.118
0
0
0
0
0
0
0
0
0
0
50.224
117.804
35.44
34.2
68.396
80.212
372.712
382.664
143.636
242.61
299.508
280.506
137.342
38.946
0
0
0
0
0
0
0
0
0
0
152.908
240.826
302.62
363.096
386.262
397.868
376.216
385.532
374.808
369.89
252.036
233.188
116.068
70.91
0
0
0
0
0
0
0
0
0
0
148.612
241.466
301.828
360.594
393.772
396.338
369.63
380.374
399.1
390.338
350.05
276.79
217.202
113.884
0
0
0
0
0
0
0
0
0
0
7.46
29.224
148.866
205.76
387.788
394.644
310.094
290.7
312.44
384.142
304.792
174.056
134.47
56.006
0
0
0
0
0
0
0
0
0
0
5.596
24.248
57.828
112.548
90.16
375.062
73.992
372.93
369.858
38.552
42.904
111.504
53.408
11.192
0
0
0
0
0
0
0
0
0
0
118.044
26.74
29.224
43.524
47.876
86.428
85.184
61.556
128.092
44.148
67.156
133.474
54.616
11.812
0
0
0
0
0
0
0
0
0
0
45.766
121.794
216.212
350.668
392.424
398.006
373.116
383.874
398.398
378.146
332.466
284.082
191.868
69.79
0
0
0
0
0
0
0
0
0
0
133.528
205
279.532
355.606
388.852
391.314
364.224
375.84
394.338
383.66
342.02
121.624
36.064
37.12
0
0
0
0
0
0
0
0
0
0
6.84
21.764
34.824
52.852
58.448
81.456
107.572
128.092
79.592
67.776
83.944
79.134
39.176
62.936
0
0
0
0
0
0
0
0
0
0
124.952
226.336
294.92
357.178
389.558
392.624
366.568
377.948
394.974
119.384
302.19
131.734
46.622
5.596
0
0
0
0
0
0
0
0
0
0
23.038
46.636
63.424
48.5
61.556
183.526
66.532
159.8
275.396
170.8
49.744
86.806
15.544
17.398
0
0
0
0
0
0
0
0
0
0
4.352
24.872
101.826
184.288
186.716
187.274
144.88
175.166
162.802
178.866
240.218
113.746
139.674
9.952
0
0
0
0
0
0
0
0
0
0
114.468
225.15
303.642
366.138
399.666
402.796
378.162
387.01
405.922
394.228
352.722
283.608
208.452
57.54
0
0
0
0
0
0
0
0
0
0
6.84
53.944
171.458
296.652
111.924
390.818
250.488
77.724
333.006
213.166
296.706
223.548
144.214
26.832
0
0
0
0
0
0
0
0
0
0
106.15
215.216
300.122
356.896
389.212
394.444
378.564
381.18
398.106
389.196
348.566
280.948
202.046
31.672
0
0
0
0
0
0
0
0
0
0
95.796
63.074
225.594
282.142
318.152
221.632
305.008
286.282
186.51
77.724
151.294
97.246
43.618
13.504
0
0
0
0
0
0
0
0
0
0
105.326
215.604
296.136
359.226
393.596
396.112
370.684
381.82
399.058
385.428
339.898
270.004
203.674
42.296
0
0
0
0
0
0
0
0
0
0
3.108
12.436
70.884
208.122
233.706
280.848
264.128
151.1
72.132
106.948
31.088
41.04
57.636
13.07
0
0
0
0
0
0
0
0
0
0
3.108
52.738
69.64
85.184
55.96
52.852
82.7
76.484
81.456
66.532
33.576
32.332
11.192
6.216
0
0
0
0
0
0
0
0
0
0
32.172
79.574
190.15
148.724
227.302
217.686
112.548
144.88
111.3
115.032
77.1
55.96
18.652
2.484
0
0
0
0
0
0
0
0
0
0
31.89
51.512
64.664
74.616
100.112
132.444
103.84
149.856
185.39
171.792
288.212
230.996
156.642
0
0
0
0
0
0
0
0
0
0
0
13.06
43.524
64.048
69.02
80.832
92.028
98.864
101.972
101.972
97.62
266.446
235.962
137.2
0
0
0
0
0
0
0
0
0
0
0
64.634
183.278
286.632
328.552
391.884
398.194
374.308
387.264
403.584
388.756
347.482
268.016
162.394
0
0
0
0
0
0
0
0
0
0
0
65.442
196.826
294.46
362.378
398.274
400.048
373.426
387.36
402.926
390.762
346.722
269.498
164.168
0
0
0
0
0
0
0
0
0
0
0
69.248
206.222
302.388
364.874
403.75
405.766
379.542
392.83
408.828
392.176
347.792
271.632
165.498
0
0
0
0
0
0
0
0
0
0
0
46.412
187.37
286.65
340.226
391.482
393.95
369.616
382.84
396.266
368.756
335.592
249.862
69.078
0
0
0
0
0
0
0
0
0
0
0
38.188
134.168
248.244
342.314
387.078
391.246
366.214
340.618
281.718
187.188
192.114
156.348
65.302
0
0
0
0
0
0
0
0
0
0
0
9.328
122.84
253.558
330.222
384.414
373.328
363.924
371.978
391.41
374.418
324.674
244.93
135.022
0
0
0
0
0
0
0
0
0
0
0
33.904
177.748
283.34
353.268
390.648
393.048
366.382
381.146
394.842
380.538
330.582
250.6
134.504
0
0
0
0
0
0
0
0
0
0
0
29.058
175.516
278.496
345.892
388.45
385.1
365.752
380.272
313.304
44.148
34.824
19.276
80.912
0
0
0
0
0
0
0
0
0
0
0
5.08
50.548
94.202
48.5
113.168
136.796
326.474
241.042
235.906
291.354
122.906
29.224
10.568
0
0
0
0
0
0
0
0
0
0
0
7.344
21.14
82.068
133.294
81.456
69.64
69.64
49.744
64.048
73.992
44.148
35.44
34.292
0
0
0
0
0
0
0
0
0
0
0
2.256
55.23
115.966
255.492
376.996
392.31
370.44
387.104
399.906
383.266
338.508
252.39
107.18
0
0
0
0
0
0
0
0
0
0
0
7.904
191.294
291.516
365.362
397.704
398.026
369.328
387.392
401.874
386.698
339.16
251.038
128.62
0
0
0
0
0
0
0
0
0
0
0
6.216
52.93
245.33
105.846
165.07
55.96
97.004
85.184
59.072
42.284
46.636
16.788
16.788
0
0
0
0
0
0
0
0
0
0
0
2.256
16.168
37.308
59.696
56.584
110.056
101.356
78.968
78.348
47.26
36.064
27.356
11.812
0
0
0
0
0
0
0
0
0
0
0
0
68.81
152.72
244.91
204.548
182.988
259.252
130.576
363.048
288.738
325.762
212.836
98.84
0
0
0
0
0
0
0
0
0
0
0
0
13.06
167.642
83.944
117.52
86.428
72.132
49.12
106.328
101.972
28.604
48.5
7.46
0
0
0
0
0
0
0
0
0
0
0
0
163.562
282.226
316.904
233.87
313.682
346.992
375.556
329.216
349.034
230.208
224.778
62.734
0
0
0
0
0
0
0
0
0
0
0
0
150.688
150.872
355.298
386.614
387.346
345.45
362.526
354.642
344.45
318.902
220.804
80.784
0
0
0
0
0
0
0
0
0
0
0
0
163.714
276.442
354.214
389.942
391.232
363.578
369.932
236.864
156.042
122.63
62.246
27.04
0
0
0
0
0
0
0
0
0
0
0
0
175.042
284.75
354.576
388.196
391.226
360.64
378.724
392.296
375.662
321.648
228.09
71.894
0
0
0
0
0
0
0
0
0
0
0
0
175.82
282.13
354.254
386.828
389.504
361.516
381.564
390.112
371.806
316.35
224.15
69.594
0
0
0
0
0
0
0
0
0
0
0
0
66.246
93.908
142.758
198.924
290.694
345.966
372.704
361.874
313.918
282.212
180.33
36.332
0
0
0
0
0
0
0
0
0
0
0
0
149.33
270.416
350.276
386.608
388.752
359.504
380.874
390.406
366.906
313.894
215.212
57.686
0
0
0
0
0
0
0
0
0
0
0
0
146.004
264.574
345.124
377.268
382.776
356.116
376.828
386.902
361.566
301.158
199.824
39.672
0
0
0
0
0
0
0
0
0
0
0
0
156.02
263.5
315.548
374.054
385.482
358.27
375.76
390.916
371.184
309.286
213.544
37.352
0
0
0
0
0
0
0
0
0
0
0
0
66.432
93.032
121.762
108.816
169.01
144.134
140.464
195.142
269.174
140.658
71.768
8.704
0
0
0
0
0
0
0
0
0
0
0
0
83.586
269.962
339.97
379.43
385.706
342.28
348.276
378.492
362.38
237.318
139.46
13.368
0
0
0
0
0
0
0
0
0
0
0
0
159.572
283.168
355.218
391.52
392.668
360.566
384.32
395.98
371.156
309.468
205.342
23.872
0
0
0
0
0
0
0
0
0
0
0
0
148.414
269.626
348.942
380.526
386.01
356.58
377.636
385.398
362.602
301.622
201.126
6.84
0
0
0
0
0
0
0
0
0
0
0
0
31.24
208.428
334.24
355.516
376.254
348.42
324.684
339.868
222.778
175.148
141.262
0
0
0
0
0
0
0
0
0
0
0
0
0
30.044
29.224
37.308
129.676
232.47
244.896
209.692
221.64
130.624
188.32
137.386
0
0
0
0
0
0
0
0
0
0
0
0
0
27.596
77.01
54.72
69.64
236.65
105.084
76.484
108.816
53.476
152.358
24.248
0
0
0
0
0
0
0
0
0
0
0
0
0
102.626
103.138
89.824
140.084
376.44
292.15
135.522
184.426
211.562
291.398
84.544
0
0
0
0
0
0
0
0
0
0
0
0
0
10.568
120.404
67.156
43.524
95.136
108.816
110.056
160.642
88.296
197.558
47.88
0
0
0
0
0
0
0
0
0
0
0
0
0
7.46
74.156
180.95
303.496
311.896
343.17
314.782
361.894
347.518
223.39
162.326
0
0
0
0
0
0
0
0
0
0
0
0
0
152.934
167.798
336.662
372.77
363.45
336.828
341.444
285.668
120.154
174.982
95.432
0
0
0
0
0
0
0
0
0
0
0
0
0
138.926
269.184
342.446
377.444
380.952
347.822
372.32
380.25
365.286
272.032
153.09
0
0
0
0
0
0
0
0
0
0
0
0
0
57.792
205.388
218.428
250.354
205.144
66.532
286.322
360.008
173.746
134.37
140.892
0
0
0
0
0
0
0
0
0
0
0
0
0
135.626
277.222
316.916
374.864
374.15
341.386
365.904
375.87
348.084
170.872
97.634
0
0
0
0
0
0
0
0
0
0
0
0
0
36.106
22.388
243.304
52.228
216.408
326.296
98.244
175.83
130.1
122.234
6.216
0
0
0
0
0
0
0
0
0
0
0
0
0
125.26
256.262
339.638
364.396
371.69
341.052
378.042
390.18
360.088
301.346
102.608
0
0
0
0
0
0
0
0
0
0
0
0
0
8.084
96.962
57.828
37.308
62.804
89.536
143.752
85.184
69.02
48.5
19.896
0
0
0
0
0
0
0
0
0
0
0
0
0
4.352
117.386
104.426
120.58
172.148
175.22
100.112
146.876
33.576
80.452
42.994
0
0
0
0
0
0
0
0
0
0
0
0
0
8.084
52.416
116.054
78.348
100.732
81.456
157.81
72.132
62.18
42.904
41.004
0
0
0
0
0
0
0
0
0
0
0
0
0
33.946
218.334
335.826
370.176
363.622
172.906
107.572
90.16
100.036
170.878
112.016
0
0
0
0
0
0
0
0
0
0
0
0
0
9.328
69.482
118.332
72.748
147.34
242.794
228.412
268.962
333.128
260.258
54.172
0
0
0
0
0
0
0
0
0
0
0
0
0
3.108
11.812
20.52
27.356
31.712
33.576
45.392
27.98
21.14
39.792
42.62
0
0
0
0
0
0
0
0
0
0
0
0
0
18.616
62.246
145.024
79.592
255.83
331.508
365.428
287.952
338.156
247.626
121.406
0
0
0
0
0
0
0
0
0
0
0
0
0
94.836
257.286
335.058
374.96
369.682
337.006
369.052
374.004
335.816
263.33
110.874
0
0
0
0
0
0
0
0
0
0
0
0
0
73.468
247.368
310.316
336.936
359.11
319.1
324.192
295.492
287.51
185.434
14.304
0
0
0
0
0
0
0
0
0
0
0
0
0
66.412
236.39
200.376
238.668
357.548
325.77
355.404
358.33
329.938
245.646
79.804
0
0
0
0
0
0
0
0
0
0
0
0
0
63.374
242.88
324.386
363.284
359.138
328.7
357.848
359.966
326.33
245.524
78.052
0
0
0
0
0
0
0
0
0
0
0
0
0
15.356
42.706
88.532
335.706
187.276
142.302
33.576
55.34
37.932
32.956
4.352
0
0
0
0
0
0
0
0
0
0
0
0
0
52.576
240.42
329.064
364.954
361.292
329.364
360.638
367.33
326.8
248.072
69.008
0
0
0
0
0
0
0
0
0
0
0
0
0
32.818
230.752
320.65
357.506
356.276
319.222
334.704
347.928
134.988
57.31
21.49
0
0
0
0
0
0
0
0
0
0
0
0
0
1.244
105.746
65.288
82.076
29.224
96.38
256.436
282.16
191.61
65.456
15.796
0
0
0
0
0
0
0
0
0
0
0
0
0
1.128
11.812
32.332
158.73
150.85
162.622
305.75
317.512
166.99
131.636
27.824
0
0
0
0
0
0
0
0
0
0
0
0
0
3.392
49.846
96.338
158.432
235.29
108.812
284.538
273.932
164.232
75.732
13.668
0
0
0
0
0
0
0
0
0
0
0
0
0
0
79.63
25.496
28.604
42.284
42.284
80.832
57.204
97.004
92.124
2.484
0
0
0
0
0
0
0
0
0
0
0
0
0
0
24.872
178.282
154.612
77.724
103.84
61.556
117.732
87.714
26.116
0
0
0
0
0
0
0
0
0
0
0
0
0
0
0
57.142
100.778
123.978
300.892
317.994
346.208
268.494
100.614
176.81
0
0
0
0
0
0
0
0
0
0
0
0
0
0
0
168.02
84.884
241.602
307.784
276.25
305.38
131.54
48.5
14.304
0
0
0
0
0
0
0
0
0
0
0
0
0
0
0
176.14
133.592
117.822
129.56
203.722
318.252
182.736
252.7
150.824
0
0
0
0
0
0
0
0
0
0
0
0
0
0
0
207.354
309
341.706
353.366
316.556
348.906
347.13
301.278
207.196
0
0
0
0
0
0
0
0
0
0
0
0
0
0
0
179.386
238.146
264.442
321.706
305.708
331.73
297.514
207.414
222.328
0
0
0
0
0
0
0
0
0
0
0
0
0
0
0
68.554
42.284
47.26
41.66
60.312
116.014
45.392
40.416
26.116
0
0
0
0
0
0
0
0
0
0
0
0
0
0
0
16.788
35.44
31.712
50.368
52.852
77.1
47.876
30.468
30.23
0
0
0
0
0
0
0
0
0
0
0
0
0
0
0
57.7
31.088
46.636
55.96
72.132
49.744
32.332
24.872
40.752
0
0
0
0
0
0
0
0
0
0
0
0
0
0
0
32.294
67.66
57.204
102.4
87.676
60.312
32.956
19.896
102.84
0
0
0
0
0
0
0
0
0
0
0
0
0
0
0
46.496
80.508
92.092
121.284
128.872
78.348
40.416
39.176
19.896
0
0
0
0
0
0
0
0
0
0
0
0
0
0
0
58.38
202.84
164.574
315.912
225.99
154.74
110.378
42.284
137.752
0
0
0
0
0
0
0
0
0
0
0
0
0
0
0
18.032
68.756
27.98
57.828
80.212
42.284
57.828
19.896
30
0
0
0
0
0
0
0
0
0
0
0
0
0
0
0
28.868
62.072
194.112
35.44
67.156
66.532
286.332
243.774
44.41
0
0
0
0
0
0
0
0
0
0
0
0
0
0
0
79.934
217.326
153.41
134.502
280.154
235.062
216.164
62.734
5.596
0
0
0
0
0
0
0
0
0
0
0
0
0
0
0
61.818
113.898
67.156
90.416
139.614
41.04
60.936
71.878
44.082
0
0
0
0
0
0
0
0
0
0
0
0
0
0
0
47.498
77.568
70.264
49.12
36.684
80.212
46.012
60.96
16.788
0
0
0
0
0
0
0
0
0
0
0
0
0
0
0
16.788
24.248
34.2
42.284
26.74
50.988
114.038
42.284
16.788
0
0
0
0
0
0
0
0
0
0
0
0
0
0
0
57.98
67.32
62.18
127.278
200.584
128.142
127.664
31.712
47.732
0
0
0
0
0
0
0
0
0
0
0
0
0
0
0
42.34
180.056
164.728
168.182
177.852
267.732
80.664
200.72
114.766
0
0
0
0
0
0
0
0
0
0
0
0
0
0
0
49.74
271.646
177.686
282.688
292.984
247.902
260.02
0
45.678
0
0
0
0
0
0
0
0
0
0
0
0
0
0
0
188.598
299.344
351.934
316.7
301.612
324.43
294.504
246.048
143.568
0
0
0
0
0
0
0
0
0
0
0
0
0
0
0
53.302
151.226
241.998
294.138
204.168
127.472
58.448
66.506
42.152
0
0
0
0
0
0
0
0
0
0
0
0
0
0
0
129.29
147.792
124.548
193.074
150.97
69.64
59.696
39.792
26.588
0
0
0
0
0
0
0
0
0
0
0
0
0
0
0
21.458
83.99
108.77
211.256
81.456
114.892
77.052
33.576
41.012
0
0
0
0
0
0
0
0
0
0
0
0
0
0
0
91.38
248.712
271.894
256.794
296.504
191.898
241.862
294.046
44.12
0
0
0
0
0
0
0
0
0
0
0
0
0
0
0
12.436
25.496
22.388
43.524
130.86
52.228
106.264
77.554
34.646
0
0
0
0
0
0
0
0
0
0
0
0
0
0
0
43.874
90.1
233.484
199.274
268.876
318.834
315.504
288.892
90.748
0
0
0
0
0
0
0
0
0
0
0
0
0
0
0
108.818
145.538
139.072
159.57
94.494
124.71
166.782
66.014
19.044
0
0
0
0
0
0
0
0
0
0
0
0
0
0
0
11.192
43.604
38.552
44.148
55.34
51.612
52.852
34.2
19.178
0
0
0
0
0
0
0
0
0
0
0
0
0
0
0
7.46
49.53
47.26
85.366
56.584
49.744
72.21
55.488
19.312
0
0
0
0
0
0
0
0
0
0
0
0
0
0
0
45.89
159.54
75.676
90.592
118.456
75.608
49.744
44.796
11.812
0
0
0
0
0
0
0
0
0
0
0
0
0
0
0
15.094
23.628
28.604
33.576
59.696
39.176
78.03
58.952
18.942
0
0
0
0
0
0
0
0
0
0
0
0
0
0
0
41.706
173.35
145.006
140.73
278.908
250.428
146.278
73.742
28.64
0
0
0
0
0
0
0
0
0
0
0
0
0
0
0
13.942
53.78
161.066
53.476
76.708
68.396
69.882
129.424
29.06
0
0
0
0
0
0
0
0
0
0
0
0
0
0
0
2.824
42.28
119.73
129.078
182.452
235.97
230.7
245.002
34.548
0
0
0
0
0
0
0
0
0
0
0
0
0
0
0
1.696
17.412
51.612
268.654
286.75
272.528
317.474
174.346
50.718
0
0
0
0
0
0
0
0
0
0
0
0
0
0
0
0
36.428
30.468
98.94
136.732
39.792
104.098
117.964
1.868
0
0
0
0
0
0
0
0
0
0
0
0
0
0
0
0
23.628
13.68
31.712
65.912
103.452
55.96
64.08
6.216
0
0
0
0
0
0
0
0
0
0
0
0
0
0
0
0
64.73
128.194
210.232
104.02
84.652
83.834
45.182
94.21
0
0
0
0
0
0
0
0
0
0
0
0
0
0
0
0
24.248
62.652
27.98
82.014
62.804
79.314
18.032
2.484
0
0
0
0
0
0
0
0
0
0
0
0
0
0
0
0
25.496
39.176
87.16
39.176
26.116
18.652
11.192
2.484
0
0
0
0
0
0
0
0
0
0
0
0
0
0
0
0
99.022
170.06
200.552
97.642
89.388
124.526
165.186
112.498
0
0
0
0
0
0
0
0
0
0
0
0
0
0
0
0
43.074
44.148
64.048
62.18
54.096
54.72
40.672
6.84
0
0
0
0
0
0
0
0
0
0
0
0
0
0
0
0
99.036
81.406
117.262
113.286
128.966
111.972
60.814
9.04
0
0
0
0
0
0
0
0
0
0
0
0
0
0
0
0
133.582
160.616
321.364
288.498
314.618
323.43
256.514
9.6
0
0
0
0
0
0
0
0
0
0
0
0
0
0
0
0
69.332
229.682
271.158
235.894
107.17
29.224
50.44
9.6
0
0
0
0
0
0
0
0
0
0
0
0
0
0
0
0
204.672
205.57
245.74
232.446
295.08
296.132
186.072
9.04
0
0
0
0
0
0
0
0
0
0
0
0
0
0
0
0
127.148
245.556
287.414
61.556
116.696
35.44
70.866
9.04
0
0
0
0
0
0
0
0
0
0
0
0
0
0
0
0
228.386
284.892
322.826
260.586
311.28
320.266
255.064
9.04
0
0
0
0
0
0
0
0
0
0
0
0
0
0
0
0
34.842
68.94
63.352
54.72
59.696
49.744
31.712
3.952
0
0
0
0
0
0
0
0
0
0
0
0
0
0
0
0
111.672
78.56
194.744
276.644
291.896
311.186
258.528
8.472
0
0
0
0
0
0
0
0
0
0
0
0
0
0
0
0
17.412
75.05
105.236
229.518
122.69
60.684
12.436
7.904
0
0
0
0
0
0
0
0
0
0
0
0
0
0
0
0
11.192
41.66
237.73
234.904
308.232
260.708
59.35
7.904
0
0
0
0
0
0
0
0
0
0
0
0
0
0
0
0
47.916
141.53
127.75
126.134
80.31
68.606
119.124
7.904
0
0
0
0
0
0
0
0
0
0
0
0
0
0
0
0
55.014
215.51
260.39
115.494
54.72
128.336
146
9.04
0
0
0
0
0
0
0
0
0
0
0
0
0
0
0
0
8.704
32.332
115.864
76.58
94.138
91.464
64.502
7.904
0
0
0
0
0
0
0
0
0
0
0
0
0
0
0
0
74.616
77.074
283.114
111.654
170.54
302.714
247.19
6.776
0
0
0
0
0
0
0
0
0
0
0
0
0
0
0
0
126.32
283.498
305.476
279.764
281.244
113.326
45.772
1.696
0
0
0
0
0
0
0
0
0
0
0
0
0
0
0
0
43.864
48.946
25.496
46.012
51.612
26.74
13.06
7.344
0
0
0
0
0
0
0
0
0
0
0
0
0
0
0
0
68.856
247.44
93.01
99.124
147.108
85.618
115.052
6.216
0
0
0
0
0
0
0
0
0
0
0
0
0
0
0
0
50.664
169.428
57.828
86.496
134.822
33.576
35.692
2.824
0
0
0
0
0
0
0
0
0
0
0
0
0
0
0
0
124.924
178.696
155.612
119.608
100.638
125.42
110.6
9.6
0
0
0
0
0
0
0
0
0
0
0
0
0
0
0
0
11.192
32.956
43.524
52.228
76.038
13.68
19.896
2.256
0
0
0
0
0
0
0
0
0
0
0
0
0
0
0
0
196.308
249.888
115.18
260.2
60.312
35.44
8.704
3.108
0
0
0
0
0
0
0
0
0
0
0
0
0
0
0
0
4.976
42.904
122.41
136.088
182.078
76.38
153.346
82.202
0
0
0
0
0
0
0
0
0
0
0
0
0
0
0
0
14.92
14.304
86.712
140.628
88.714
123.8
38.13
34.432
0
0
0
0
0
0
0
0
0
0
0
0
0
0
0
0
169.73
78.278
84.152
89.016
76.786
53.476
43.952
105.662
0
0
0
0
0
0
0
0
0
0
0
0
0
0
0
0
39.374
63.534
70.278
80.73
88.658
88.328
130.774
79.994
0
0
0
0
0
0
0
0
0
0
0
0
0
0
0
0
42.698
62.25
67.148
86.494
89.256
87.594
67.522
28.576
0
0
0
0
0
0
0
0
0
0
0
0
0
0
0
0
117.62
142.258
160.928
222.11
158.728
119.676
125.644
78.392
0
0
0
0
0
0
0
0
