2.16
1.77
1.42
1.42
1.3
1.34
1.27
1.61
1.57
1.7
3.03
3.9
5.03
5.45
5.34
4.81
2.83
1.5
1.37
0.28
-0.31
-0.24
-0.36
-0.24
-0.16
0.0
0.36
0.46
0.65
0.03
-0.42
-0.65
-0.89
-0.8
-0.25
0.15
0.59
0.18
0.35
-0.14
-0.92
-1.43
-1.7
-1.84
-2.49
-2.61
-2.42
-2.13
-2.12
-2.41
-2.67
-2.9
-3.15
-3.39
-3.73
-3.69
-3.72
-3.24
-4.58
-3.75
-2.32
-1.99
-2.19
-3.0
-3.33
-1.89
-1.91
-1.91
-1.9
-1.85
-1.79
-1.88
-2.05
-2.19
-2.25
-2.31
-2.36
-2.46
-2.63
-3.16
-3.21
-2.73
-3.76
-2.26
-1.1
-0.64
-0.87
-1.86
-2.77
-0.82
-0.87
-1.09
-1.23
-1.32
-1.43
-1.57
-1.74
-1.91
-2.05
-1.93
-2.26
-2.21
-2.28
-1.24
-0.96
-2.29
-1.75
-0.05
0.21
0.31
0.35
0.37
0.42
0.3
0.29
0.12
-0.03
-0.21
-0.37
-0.45
-0.59
-0.81
-0.98
-1.0
-1.0
-1.17
-1.12
-0.93
-0.88
-0.52
-0.07
0.97
1.15
1.39
1.31
0.8
0.4
0.18
-0.06
0.05
0.25
0.3
-0.19
-0.29
-0.33
-0.51
-0.4
-0.13
-0.17
-0.4
-1.24
-0.98
-0.69
-0.27
0.7
0.24
0.82
0.94
0.99
0.3
-0.34
0.1
-0.32
-0.61
-0.66
-0.74
-0.32
-0.55
-1.05
-0.78
-0.92
-1.38
-0.78
0.1
1.0
1.29
1.67
1.92
1.92
1.89
2.01
2.02
1.78
1.49
0.99
0.93
0.62
0.66
0.3
0.31
-0.01
-0.18
-0.23
-0.32
-0.61
-0.83
-0.93
-1.03
-1.33
-1.09
-1.19
-1.28
-1.05
-1.07
-0.58
-0.46
-0.71
-1.1
-1.79
-1.99
-2.0
-2.34
-2.56
-2.72
-3.08
-3.67
-3.49
-3.44
-4.13
-4.17
-4.04
-3.55
-2.95
-4.27
-3.58
-3.1
-3.35
-2.92
-2.32
-1.89
-1.76
-1.87
-2.05
-2.4
-2.51
-2.94
-2.92
-2.96
-3.13
-3.73
-4.24
-4.48
-4.94
-5.69
-5.52
-4.94
-4.75
-5.34
-4.02
-3.4
-2.83
-2.15
-2.11
-3.01
-2.59
-2.47
-2.85
-3.02
-3.1
-3.2
-3.21
-3.21
-3.07
-2.9
-2.62
-2.58
-2.42
-2.27
-2.2
-2.02
-1.75
-0.94
-1.08
-0.85
-0.79
-0.18
0.82
1.46
1.7
1.56
1.07
0.35
0.18
0.54
0.91
1.08
1.31
1.61
1.8
1.92
1.8
1.65
1.48
1.45
1.5
1.5
1.53
1.73
2.03
2.24
2.32
2.7
2.9
3.39
3.77
3.96
3.95
5.07
4.88
4.45
4.07
3.99
3.93
3.48
3.06
2.69
2.28
1.74
1.14
0.75
0.88
1.34
1.69
2.0
2.02
2.22
1.9
1.62
1.3
1.2
0.84
0.78
0.73
0.68
0.51
0.25
-0.08
-0.68
-1.68
-1.67
-0.9
-0.35
-0.55
0.0
-0.19
0.63
1.62
2.23
0.39
0.46
0.46
0.25
1.79
2.4
2.2
1.81
1.59
1.34
1.1
0.87
0.82
0.68
0.54
0.42
0.3
0.25
0.19
-0.67
-0.51
0.15
1.66
3.35
4.63
5.32
5.45
5.24
4.81
4.33
3.31
1.64
1.26
0.91
0.59
1.12
2.21
2.69
2.4
1.93
1.36
0.85
0.32
-0.15
0.42
2.3
4.21
4.56
2.99
3.62
3.12
2.74
2.39
1.96
1.38
0.85
0.32
-0.32
-1.13
-1.56
-2.05
-2.23
-2.32
-2.77
-3.03
-2.53
-2.4
-2.21
-2.59
-3.73
-3.11
-1.8
-1.1
-0.75
-0.74
-1.35
-2.51
-4.07
-4.0
-4.72
-4.72
-4.15
-3.1
-2.22
-2.29
-2.34
-2.42
-2.51
-2.67
-2.78
-2.93
-2.96
-3.1
-2.78
-1.94
-0.65
0.18
-0.43
-0.53
-0.61
0.48
0.24
-0.01
-0.64
-0.67
-0.68
-0.76
-0.9
-1.17
-1.49
-1.6
-1.64
-1.53
-1.28
-1.05
-3.01
-3.65
-2.54
-1.03
0.53
1.85
2.21
1.13
0.98
1.48
1.35
1.07
0.19
0.05
-0.11
-0.35
-0.49
-0.57
-0.65
-0.78
-0.92
-1.06
-1.19
-1.32
-1.49
-1.5
-1.1
-0.38
0.32
-1.23
-0.2
-0.36
-0.97
-0.55
0.59
0.38
-0.28
-0.67
-0.84
-1.26
-1.44
-1.69
-2.24
-2.88
-2.84
-3.0
-3.32
-3.4
-3.18
-3.02
-2.74
-2.14
-0.96
0.0
0.51
0.7
0.51
0.28
-0.06
-0.41
-1.67
-1.81
-1.94
-2.92
-2.92
-3.38
-3.57
-3.64
-3.46
-3.24
-3.01
-2.84
-2.88
-2.81
-2.46
-1.91
-1.15
-2.84
-1.81
-1.83
-2.6
-2.68
-1.58
-1.5
-4.04
-2.87
-2.54
-2.57
-2.74
-3.07
-3.26
-3.3
-3.23
-3.23
-3.32
-3.33
-3.39
-3.39
-3.16
-3.87
-3.53
-2.67
-2.06
-1.99
-2.6
-3.27
-4.13
-4.46
-5.06
-4.95
-4.91
-4.43
-3.77
-3.94
-4.15
-4.55
-4.76
-4.76
-4.77
-4.72
-4.48
-4.39
-4.03
-3.3
-2.41
-3.16
-3.38
-2.76
-0.94
-1.16
-1.53
-1.73
-2.28
-2.27
-2.2
-1.99
-1.8
-1.49
-1.44
-1.51
-1.75
-1.84
-1.88
-1.51
-1.81
-1.57
0.1
1.65
2.34
1.98
1.98
2.07
1.7
2.16
2.15
1.96
1.48
1.3
0.83
0.12
-0.98
-1.03
-1.19
-2.79
-3.19
-1.37
-1.94
-4.83
-3.95
-2.22
0.07
2.51
3.71
2.99
3.79
3.74
3.55
2.63
1.24
1.13
1.17
1.07
0.48
-0.13
-0.28
-0.44
-0.59
-0.89
-1.26
-1.41
-1.63
-1.81
-1.23
-1.32
-0.92
-0.38
0.08
0.54
0.87
0.72
0.23
-0.27
-0.73
-1.01
-1.12
-1.16
-1.15
-1.21
-1.47
-1.7
-2.43
-2.65
-2.9
-3.04
-2.88
-2.92
-1.65
-1.65
-1.42
-0.81
0.05
0.46
-0.34
-1.03
-1.55
-2.54
-0.81
-0.54
-1.26
-1.29
-1.58
-1.64
-1.91
-1.57
-1.27
-0.7
-0.58
-0.42
-0.34
-2.04
-3.28
-3.36
-2.1
-0.19
0.24
0.33
0.21
0.08
-0.14
-1.06
-2.2
-0.69
-0.47
-0.69
-0.86
-1.26
-2.83
-1.81
-1.74
-1.81
-1.78
-1.91
-2.05
-2.23
-3.23
-2.68
-1.95
-0.87
0.24
0.71
0.13
1.53
1.41
-0.28
0.46
-0.1
0.67
0.5
0.35
-0.24
0.39
0.75
-0.72
-0.69
-0.85
-0.93
-0.23
1.09
1.21
1.76
1.98
2.15
2.38
2.33
0.9
1.24
1.03
0.37
0.45
0.29
0.94
0.94
1.11
1.6
1.85
1.85
1.51
1.15
0.96
1.32
1.73
1.98
0.5
0.32
1.08
2.43
2.01
2.84
3.59
3.71
3.28
2.39
3.56
3.51
1.49
1.12
0.93
0.56
0.32
0.59
0.61
0.59
0.46
0.29
0.07
-0.11
0.13
0.17
0.23
0.17
-0.03
-0.18
-0.26
-0.42
-0.74
-0.94
-1.24
-1.67
-1.88
-2.19
-2.26
-2.82
-2.86
-2.78
-2.97
-2.89
-3.23
-3.9
-4.24
-4.35
-5.24
-5.22
-3.86
-2.62
-1.36
-0.37
0.28
0.32
-0.64
-2.41
-0.4
-0.66
-1.66
-1.9
-2.08
-2.33
-2.71
-2.83
-2.65
-2.48
-2.31
-2.2
-2.16
-2.23
-3.27
-3.36
-2.51
-0.14
2.18
0.75
1.04
0.93
2.15
2.88
2.09
1.35
-0.64
-1.05
-1.48
-1.89
-2.1
-2.13
-2.09
-2.03
-1.98
-1.89
-1.92
-1.95
-3.47
-2.91
-1.51
0.97
2.86
2.62
2.75
4.43
4.13
3.46
2.55
1.69
0.14
-0.45
-0.94
-1.44
-1.85
-3.19
-4.44
-4.79
-5.42
-5.95
-5.72
-5.36
-4.52
-2.69
-0.03
2.17
3.76
4.28
3.92
3.06
2.22
1.46
0.45
0.36
-0.05
-0.26
-0.11
-0.59
-0.94
-1.01
-0.96
0.32
0.55
-0.54
-2.22
-3.28
-3.87
-2.46
0.43
2.61
4.6
5.77
6.27
6.59
6.62
6.38
5.66
4.94
4.19
4.04
0.94
-0.07
-0.52
-1.9
-2.82
-3.21
-3.4
-2.65
-1.37
-0.23
-1.0
-0.21
2.25
4.39
5.27
6.5
7.63
7.54
6.82
5.05
6.09
5.61
4.57
2.75
1.13
0.01
-0.56
-1.35
-2.04
-2.04
-2.09
-1.46
-1.04
-1.15
-0.33
0.0
1.65
4.44
5.18
6.28
6.31
5.05
4.69
4.57
4.53
3.26
2.81
2.43
2.0
1.59
1.12
0.91
0.71
0.32
0.04
-0.11
-0.09
-0.49
-0.51
-0.08
0.14
0.66
1.21
1.44
1.7
1.82
1.52
0.92
-0.61
-1.61
-1.63
-1.4
-1.8
-1.81
-1.65
-0.98
-0.92
-0.62
-0.63
-0.94
-1.61
-1.61
-1.34
-0.86
0.37
1.48
1.29
1.92
2.27
2.3
1.7
1.11
2.39
2.17
-0.27
-0.7
-0.29
-0.29
-0.86
-0.99
-0.45
-0.61
-0.69
-0.74
-0.77
-0.83
-1.3
-0.6
1.41
3.11
3.31
3.37
3.54
3.98
4.83
4.72
5.11
4.5
3.34
3.0
2.76
2.28
1.86
1.88
1.6
1.24
0.87
0.59
0.65
0.97
-3.41
-0.63
3.53
6.56
7.75
7.16
8.02
9.24
7.62
8.36
7.31
6.39
5.09
4.46
3.2
2.84
2.14
1.48
1.23
1.12
1.25
1.43
1.89
2.5
0.25
1.07
4.14
7.02
9.08
10.36
10.89
10.7
9.19
9.05
7.89
6.8
7.04
6.34
5.86
5.44
4.53
3.24
1.57
-0.03
-1.32
-2.28
-2.8
-3.22
-4.4
-1.24
4.27
8.58
11.16
12.54
12.99
12.96
12.85
12.02
10.54
8.81
5.03
2.36
0.89
-0.32
-1.17
-2.08
-2.64
-3.27
-3.77
-4.03
-4.07
-4.08
-4.26
-0.95
4.4
8.28
10.72
12.01
12.5
12.53
12.28
11.64
10.34
9.09
9.45
6.92
4.02
1.98
0.99
0.18
-0.69
-1.61
-2.18
-2.56
-2.62
-2.25
-3.53
-0.31
4.28
7.75
9.71
10.64
11.03
10.95
10.61
9.88
8.55
6.62
7.75
5.0
2.41
0.94
0.28
0.08
-0.3
-0.5
-0.64
-0.63
-0.58
-0.1
-2.93
0.17
4.59
7.39
8.65
7.08
7.25
6.57
9.16
9.05
7.85
5.73
6.59
5.45
4.45
3.5
2.49
1.92
1.75
1.76
1.78
1.77
2.15
2.58
1.86
2.0
4.22
6.65
8.24
8.6
8.68
9.81
9.81
9.69
8.89
7.64
6.35
3.38
1.34
0.7
0.13
-0.25
-0.95
-1.25
-1.36
-1.45
-1.62
-1.76
-1.77
1.63
5.64
8.34
9.7
9.26
8.24
8.2
8.66
6.45
6.46
4.41
4.22
2.36
1.03
0.5
1.28
1.66
2.31
3.05
4.42
4.54
4.99
5.22
5.33
5.77
6.48
7.8
9.04
6.66
6.9
6.77
5.89
5.0
3.89
3.6
3.41
3.03
2.45
1.56
0.63
-0.15
-0.55
-0.88
-1.05
-0.98
-1.06
-1.22
-1.44
0.16
2.96
4.16
5.6
6.7
7.34
7.5
7.12
5.83
4.25
2.63
0.9
0.5
0.62
0.53
0.83
0.88
0.83
0.58
0.49
0.46
0.39
0.35
-0.34
0.75
1.49
3.89
4.49
5.08
5.58
5.69
5.43
4.7
6.05
5.96
4.97
4.15
3.51
3.05
2.72
2.39
2.12
1.9
1.8
1.86
1.9
1.91
1.78
2.51
2.92
4.16
5.3
6.54
7.2
7.1
5.98
6.08
7.25
6.49
5.81
5.21
4.79
4.31
3.89
3.52
3.26
3.1
3.09
3.23
3.39
3.38
2.84
3.59
5.88
7.92
8.18
7.53
7.44
7.38
9.31
9.98
9.0
7.93
6.91
6.48
6.15
5.64
5.12
4.79
4.51
4.35
4.29
4.3
4.29
4.22
3.84
4.6
7.14
9.54
10.97
11.93
12.48
12.61
12.4
12.02
10.94
9.63
9.2
8.11
4.3
2.12
0.78
-0.13
-0.71
-0.69
-0.45
-0.26
-0.15
-0.06
-0.31
3.22
7.77
11.55
9.63
11.9
12.59
12.28
11.04
9.23
6.77
6.8
5.69
4.25
3.24
3.67
3.98
3.45
3.02
2.94
3.5
3.45
3.5
3.27
3.65
4.67
5.01
4.57
4.34
3.98
3.88
3.39
2.91
3.07
2.94
2.85
2.86
2.72
2.4
2.11
2.08
2.34
2.58
2.4
2.22
2.81
2.87
2.59
3.13
4.25
5.29
5.31
5.59
6.11
6.22
5.94
5.57
4.44
4.47
3.95
3.26
2.9
3.0
3.47
3.62
3.28
2.47
1.59
0.71
-0.61
-1.82
-2.44
0.53
3.55
6.42
6.57
8.52
9.58
9.93
9.59
8.69
9.41
10.46
9.04
9.32
6.72
1.21
-1.01
-2.09
-2.51
-2.68
-2.98
-2.91
-2.06
-1.91
-1.6
-0.17
3.73
4.75
6.75
6.32
5.94
5.87
6.53
7.19
7.03
5.74
4.15
4.21
3.6
3.19
2.73
2.38
1.98
1.47
0.5
-0.55
-0.9
-1.36
-1.74
-0.97
1.54
4.37
5.19
6.1
6.94
7.57
8.02
7.84
6.88
5.47
4.05
7.09
6.54
5.85
3.59
2.21
1.44
0.22
0.5
1.11
1.89
1.16
-0.36
1.59
3.64
6.33
8.6
10.14
7.79
8.11
8.33
7.9
6.84
5.61
4.61
4.47
3.86
3.74
3.52
3.5
6.22
6.01
3.92
4.0
4.93
4.16
1.85
4.17
4.53
4.34
5.09
6.13
7.74
7.73
7.96
7.86
7.18
5.66
4.97
4.75
3.57
2.64
2.11
1.61
1.44
0.81
0.23
0.08
-0.22
-0.5
-0.16
2.62
3.38
3.72
4.63
5.41
5.97
6.42
6.35
6.44
5.58
4.48
3.61
3.86
3.48
2.66
2.1
1.78
1.2
0.9
0.44
-0.03
-0.11
0.01
1.17
2.18
3.62
4.88
6.0
6.92
7.18
7.47
8.34
8.08
7.3
6.98
6.89
6.96
6.4
6.09
5.65
4.92
4.72
4.0
3.24
2.94
3.62
5.08
6.39
7.04
7.98
8.78
10.15
10.99
10.75
10.28
10.38
9.82
8.98
8.11
6.78
6.23
5.3
4.68
4.07
3.4
2.86
2.39
1.77
1.48
1.33
1.16
1.01
1.41
1.5
1.53
1.69
2.07
2.03
1.77
1.72
1.69
1.05
0.42
-0.04
-0.28
-0.73
-1.26
-1.82
-2.06
-2.4
-2.79
-2.58
-1.03
-0.67
-0.81
-1.1
-1.66
0.29
2.56
4.1
5.46
6.83
6.6
6.47
7.66
9.49
9.17
7.58
3.05
1.03
0.63
1.4
2.18
1.57
3.32
3.51
2.94
2.21
1.92
1.41
1.38
2.02
2.81
3.71
4.51
4.86
4.98
3.98
4.15
3.77
3.32
2.19
1.98
1.67
1.62
1.31
1.08
0.89
0.71
0.78
0.71
0.91
0.9
1.01
1.5
2.28
2.89
3.37
3.57
3.8
4.56
4.22
3.23
3.09
3.58
3.94
3.92
3.88
4.09
3.88
3.51
3.5
3.31
3.48
4.0
4.4
4.46
4.56
4.9
5.34
5.77
6.07
6.36
6.63
6.93
7.41
7.61
7.48
7.27
7.04
7.1
7.16
7.16
7.14
7.01
6.88
6.72
6.6
6.5
6.37
5.76
5.05
5.02
6.7
7.47
8.46
9.59
10.78
11.65
12.0
11.83
12.33
12.36
10.48
8.73
5.12
2.01
0.24
-0.61
-0.96
-1.52
-2.11
-2.36
-2.19
-1.29
0.19
2.23
7.68
11.94
11.53
12.74
13.62
13.54
13.45
10.31
7.26
5.15
3.99
2.95
2.86
2.52
2.0
1.11
0.58
-0.19
-0.62
-0.53
-0.84
-0.96
-1.13
0.16
1.43
3.02
3.9
4.89
5.21
5.55
5.54
5.52
4.93
4.15
2.57
3.46
2.69
2.38
2.27
1.73
1.65
1.44
1.3
1.14
0.84
0.42
-0.09
-0.53
1.36
3.23
4.21
5.24
5.33
5.52
5.61
5.36
4.98
3.87
2.64
2.92
2.89
2.59
2.17
1.96
1.59
1.17
0.62
0.33
0.05
-0.33
-0.55
-0.71
1.84
3.45
4.69
5.65
6.18
6.61
6.75
6.58
5.95
4.62
2.94
2.17
2.41
1.6
1.1
0.8
0.59
0.45
0.12
-0.09
-0.24
-0.32
-0.41
0.44
1.55
4.08
5.38
6.79
7.95
9.81
10.37
10.42
9.86
8.6
6.23
6.14
6.25
5.44
4.55
3.8
3.41
3.33
3.27
3.03
2.72
2.61
2.6
2.27
5.75
8.84
10.7
12.08
13.22
14.0
14.39
14.43
13.96
13.32
12.41
11.55
10.52
9.38
6.3
3.77
2.19
1.64
1.44
1.39
1.83
2.09
2.31
2.77
7.57
10.81
12.52
13.59
14.35
14.86
15.07
14.98
14.57
13.89
13.26
12.46
11.23
10.15
9.15
8.09
6.98
6.13
5.53
5.19
5.01
4.55
3.89
3.75
7.58
11.14
12.8
14.05
14.98
15.51
15.66
15.5
14.96
13.38
11.94
12.58
11.67
10.59
9.71
8.81
7.75
6.77
5.86
5.1
4.07
3.52
3.34
5.18
6.35
6.69
7.55
7.86
7.92
7.79
6.99
6.24
4.82
3.74
2.76
3.26
2.41
1.22
0.81
0.18
-0.38
-0.76
-0.6
-0.78
-0.64
-0.61
-0.97
0.58
1.23
2.26
3.56
4.63
5.52
6.27
6.02
5.97
5.63
4.72
3.4
2.28
2.71
2.76
2.41
1.52
0.84
0.49
0.26
-0.26
-0.19
-0.42
-0.72
0.74
0.96
3.81
5.07
6.1
7.57
8.1
8.36
8.04
7.47
6.67
5.27
3.88
2.2
1.79
1.63
1.53
1.24
1.11
0.92
0.8
0.58
0.57
0.67
0.86
4.07
5.39
6.9
8.72
9.86
10.73
11.13
10.93
10.33
9.15
7.12
4.9
3.76
3.13
2.61
2.69
3.3
3.13
2.66
2.34
2.11
2.04
2.14
2.78
5.84
8.03
9.9
11.55
12.83
13.64
14.05
14.1
13.69
12.78
12.48
11.27
10.47
9.65
8.71
6.59
3.48
1.24
-0.08
-1.01
-1.59
-1.77
-1.17
2.36
7.7
10.69
12.23
13.35
14.21
14.73
14.92
14.78
14.24
13.15
12.75
11.8
10.78
9.57
7.82
4.92
2.77
1.34
0.25
-0.47
-0.89
-1.06
-0.3
2.94
8.68
11.28
12.52
13.55
14.46
15.03
15.27
15.03
14.5
13.31
12.4
12.41
11.81
10.9
9.85
8.75
7.73
6.8
5.95
5.19
4.49
3.97
3.64
5.16
7.98
9.85
11.51
12.97
14.16
14.95
15.09
15.02
14.41
13.52
12.37
11.51
11.4
10.07
6.98
4.57
2.8
1.67
1.09
0.62
0.31
-0.81
-0.7
3.8
10.4
13.32
15.03
16.05
16.66
16.88
16.74
16.01
14.81
13.38
11.58
10.27
8.99
8.15
7.47
7.02
7.0
7.34
7.12
7.37
7.17
6.96
6.77
7.04
8.17
8.48
9.12
9.68
10.57
11.3
11.52
9.73
6.76
4.71
3.55
2.08
2.05
1.88
1.67
1.47
1.17
0.91
0.75
0.65
0.54
0.44
0.19
0.59
0.76
0.75
0.84
0.97
1.19
1.4
1.44
1.09
0.96
0.72
0.51
0.69
1.13
1.01
-0.34
0.0
-0.52
-1.43
-1.44
-1.44
-1.43
-1.55
-1.26
0.32
0.17
2.93
3.82
4.66
5.39
5.89
5.91
5.52
4.67
4.08
3.42
4.49
4.32
4.07
3.63
3.38
3.2
3.01
2.83
2.76
2.74
2.71
2.75
3.04
4.03
6.04
6.57
9.12
9.96
12.49
13.4
13.73
13.57
12.55
11.63
10.0
9.58
8.94
8.42
7.77
7.17
6.65
6.18
5.0
4.19
4.08
4.24
5.18
6.91
6.95
7.07
7.77
8.15
8.77
8.9
8.94
8.62
8.0
7.3
5.72
4.3
3.6
3.54
3.39
3.07
2.96
2.76
2.79
2.97
2.59
3.26
5.21
7.5
8.88
9.71
10.62
11.12
11.41
11.34
11.35
11.04
10.47
9.2
9.74
9.32
8.89
8.44
8.03
7.75
7.44
7.05
6.76
6.58
6.33
6.11
6.44
8.14
8.78
9.14
9.75
10.44
10.93
10.88
11.07
10.8
10.22
9.06
8.64
8.95
8.25
7.56
6.78
5.69
4.22
3.07
2.87
3.22
4.17
4.67
5.24
7.12
7.93
8.27
8.46
8.63
8.86
8.85
8.77
8.55
8.28
7.61
6.59
6.06
5.95
5.67
5.55
5.36
5.23
5.07
5.17
5.2
5.15
5.23
5.38
5.48
5.55
6.17
6.34
6.53
6.34
6.23
6.02
5.81
5.49
5.06
5.18
4.82
4.14
3.42
3.2
3.28
2.83
2.34
2.19
1.87
1.72
2.37
3.59
4.35
5.57
6.41
6.93
7.42
8.01
8.23
8.19
7.82
7.42
6.67
5.18
4.59
4.88
4.55
4.14
3.53
2.89
2.29
1.95
1.73
1.38
1.38
3.26
4.05
4.73
5.75
5.84
5.81
5.93
5.82
5.28
4.61
3.84
3.09
2.45
1.71
1.12
0.99
0.4
0.13
-0.35
-0.39
-0.7
-0.55
-0.45
0.05
0.67
1.32
1.79
2.73
2.81
3.11
3.5
4.23
4.53
4.5
4.19
3.48
1.66
1.3
0.76
0.05
-0.35
-0.1
-0.41
-0.36
-0.22
-0.16
-0.28
0.23
2.73
4.74
6.29
7.96
9.97
11.44
12.55
13.07
13.09
12.65
11.83
10.32
8.19
9.12
8.64
7.33
5.84
4.33
2.99
2.64
2.36
1.86
1.38
2.28
5.5
8.27
10.78
12.26
13.21
13.45
13.52
13.11
12.55
11.8
10.78
9.78
8.15
8.76
8.24
8.39
8.32
7.88
6.29
5.38
4.97
4.42
4.13
4.39
7.32
9.63
10.83
12.34
13.45
14.4
14.23
14.91
15.0
14.43
13.57
12.29
10.46
9.75
10.12
10.28
9.48
7.7
6.28
5.22
4.39
3.56
2.79
4.31
8.38
11.42
13.46
15.03
16.28
17.23
17.82
17.92
17.82
17.15
16.12
14.53
13.68
13.85
12.07
9.71
7.74
6.27
5.05
4.38
4.18
4.17
4.12
5.31
10.22
13.76
15.51
16.82
17.75
18.22
18.42
18.46
18.3
17.73
16.78
14.77
16.78
15.53
13.68
10.45
8.06
6.19
5.01
4.28
3.89
3.53
3.14
4.56
9.3
12.98
15.1
16.48
17.64
18.52
19.14
19.33
19.27
18.7
17.52
15.79
13.43
12.36
11.38
9.88
7.98
6.52
5.78
5.38
4.95
4.37
4.24
5.74
10.06
13.55
15.45
16.84
18.03
18.99
19.66
19.99
19.85
19.27
18.21
16.24
15.19
15.26
13.54
10.98
8.76
6.78
5.42
4.29
3.65
3.33
3.4
5.15
10.3
13.86
16.03
17.6
18.82
19.62
20.01
19.94
19.46
18.81
17.87
15.92
14.21
12.49
10.79
9.3
8.22
7.43
6.77
6.44
6.38
6.32
6.41
7.37
10.94
12.59
14.66
16.39
17.44
18.13
18.46
18.73
18.67
18.32
17.62
16.11
14.07
12.17
10.72
9.53
8.64
8.01
7.49
6.81
6.21
5.71
5.38
7.23
11.98
14.88
16.71
18.0
19.3
19.41
18.69
17.41
16.11
15.05
13.88
12.6
9.85
9.03
8.02
7.35
6.77
6.57
6.79
8.05
7.97
7.74
7.65
8.48
9.54
11.72
13.79
15.81
17.16
17.77
17.71
17.02
16.42
16.04
15.5
14.15
14.86
11.59
10.11
9.17
8.44
8.37
8.17
7.89
7.55
7.47
7.24
6.88
5.59
6.02
6.6
7.22
7.63
8.33
8.78
9.13
9.26
9.44
9.12
8.52
7.32
6.02
4.8
3.77
3.1
2.91
2.78
2.8
2.61
2.74
3.16
4.76
6.65
7.11
7.71
8.46
9.23
9.57
9.58
9.57
9.28
8.6
7.61
6.48
5.57
5.19
4.45
3.69
3.46
3.14
2.38
1.36
1.1
1.22
1.4
1.94
2.8
3.8
5.1
5.73
6.77
7.5
7.76
7.91
7.74
6.92
6.05
5.19
4.45
3.53
3.69
4.11
3.88
3.44
3.28
3.17
2.69
2.1
1.97
2.63
3.83
4.56
5.92
6.96
8.01
8.89
9.35
9.65
9.45
8.77
8.02
7.2
6.42
6.28
6.07
5.91
5.66
5.48
5.3
5.19
5.03
4.86
4.92
5.39
6.45
6.97
8.04
8.9
9.28
9.84
10.18
10.28
10.63
10.49
10.27
9.8
8.36
7.8
7.28
7.09
7.36
7.43
6.69
5.59
5.09
4.53
3.6
4.21
6.2
8.41
10.29
12.08
13.51
14.62
15.13
15.38
15.3
14.91
14.38
13.36
12.82
12.03
10.99
9.47
7.36
5.59
4.29
3.14
2.46
2.01
2.32
5.04
10.55
13.26
14.44
15.19
15.6
15.8
14.59
12.76
11.73
11.23
10.99
10.49
8.48
7.97
7.55
7.29
7.09
6.99
6.75
6.44
6.37
6.34
6.21
6.36
6.46
6.56
7.72
8.7
8.83
9.8
10.24
10.54
10.74
10.62
9.92
9.4
7.72
7.59
7.26
6.95
6.34
5.74
4.07
2.83
2.48
2.0
2.62
5.1
7.13
8.43
9.23
9.51
10.19
10.61
10.58
10.63
10.02
7.13
4.35
2.16
1.38
0.9
0.82
0.8
0.73
0.54
0.54
0.47
0.46
0.34
0.46
0.72
0.84
1.4
2.62
3.34
4.96
4.87
5.3
5.65
5.65
5.4
4.48
3.69
2.39
1.34
0.48
0.39
0.16
-0.13
0.11
0.44
0.27
-0.33
-0.08
0.92
2.3
3.47
4.95
6.25
6.99
7.81
8.29
8.4
8.53
8.25
7.9
7.37
5.43
4.95
4.93
4.98
4.5
4.14
3.8
3.44
3.05
2.8
2.61
3.21
4.2
5.86
7.23
8.28
9.65
11.05
12.18
12.87
12.93
12.4
11.84
10.78
8.64
9.04
8.03
6.78
5.33
4.47
4.48
4.71
4.88
4.75
5.08
6.6
7.86
9.23
10.42
11.11
11.71
12.19
12.18
11.9
11.91
11.36
11.0
10.84
8.11
7.42
6.94
6.53
6.13
5.35
4.53
3.43
2.43
1.67
1.57
5.34
9.32
11.07
11.82
12.17
12.23
12.52
12.66
12.38
11.95
11.63
11.14
10.62
9.64
8.38
7.11
6.57
6.02
5.87
6.02
5.87
6.92
7.03
6.73
6.64
8.92
9.63
10.64
11.68
12.21
13.28
13.79
14.09
13.93
14.15
13.68
12.9
12.36
10.43
10.25
9.27
7.35
6.36
6.0
5.89
6.05
6.08
6.38
8.6
11.57
12.62
12.28
11.43
11.5
12.08
13.25
13.22
11.25
9.38
8.21
6.82
6.09
5.96
5.84
5.74
5.39
5.39
5.24
4.88
4.61
3.99
4.19
5.33
6.42
7.48
8.09
8.8
9.36
9.79
9.86
9.65
9.43
8.98
8.3
7.52
6.42
6.06
5.59
5.01
4.72
4.55
4.24
3.74
3.43
3.25
3.77
4.83
6.04
7.2
8.29
8.82
10.16
10.75
10.95
11.49
11.48
11.18
10.62
9.86
8.43
7.8
7.19
6.65
6.04
5.58
4.99
4.36
3.7
2.88
2.92
4.42
6.13
7.44
8.9
10.0
10.7
11.39
11.61
11.61
11.08
10.46
9.63
8.66
7.11
6.19
5.54
4.96
4.15
3.44
2.88
2.39
2.09
1.9
2.27
3.35
4.32
5.55
6.58
7.61
8.63
9.36
9.65
9.99
9.81
9.46
9.0
8.31
6.84
6.14
5.38
4.19
3.29
2.66
2.4
2.34
2.44
2.59
2.7
4.07
6.17
7.61
9.09
10.39
11.01
11.22
11.3
11.39
11.44
11.47
11.11
10.45
9.37
8.34
7.04
6.37
6.18
6.2
6.06
6.04
6.05
6.09
6.14
6.6
9.73
11.64
13.06
14.27
15.14
15.74
16.25
16.38
15.76
14.57
13.42
12.46
11.09
9.54
8.92
9.49
9.33
8.82
8.76
8.67
8.42
8.24
8.33
8.75
10.18
10.89
11.98
13.2
14.01
14.01
14.59
14.75
14.61
14.36
13.67
13.05
11.59
9.69
8.62
8.21
7.76
7.52
7.41
7.3
7.24
7.21
7.53
8.48
9.93
10.5
11.16
12.08
12.77
13.5
13.79
14.18
13.99
13.61
13.47
13.23
11.67
10.24
9.37
9.04
8.61
9.03
8.69
8.54
8.76
8.81
8.92
9.23
10.09
10.24
10.17
10.66
10.52
10.61
10.86
10.76
10.74
10.55
10.24
10.09
10.08
9.96
9.9
9.81
9.72
9.63
9.5
9.41
9.34
9.3
9.33
9.47
9.75
10.39
11.23
11.53
11.94
12.34
12.19
11.82
11.72
11.25
10.92
10.57
10.11
9.62
9.26
9.11
9.02
8.98
8.88
8.84
8.79
8.43
8.58
9.59
11.1
11.82
12.64
13.73
14.52
15.1
15.3
15.78
15.77
15.61
15.06
13.64
13.27
12.4
11.52
11.03
10.82
8.74
6.67
5.95
5.59
4.63
4.79
7.7
10.82
12.47
14.15
15.56
16.75
17.53
17.86
18.02
17.87
17.62
17.04
16.18
14.44
14.42
13.98
13.02
10.42
8.73
7.61
6.9
6.5
6.03
6.31
9.27
13.34
15.2
16.42
17.5
18.22
18.75
18.95
18.98
18.83
18.4
17.86
17.33
17.04
16.42
15.45
13.89
11.29
9.77
8.8
7.75
7.39
7.33
7.84
10.28
13.21
14.5
15.52
16.32
16.55
17.02
17.04
17.61
17.39
16.47
14.19
13.05
13.51
13.19
12.42
10.92
9.62
8.53
6.92
6.2
5.89
5.77
6.91
9.37
12.19
13.55
14.59
15.56
15.94
16.41
16.62
16.9
17.08
16.89
16.55
16.08
14.44
13.31
11.79
10.63
10.15
9.4
8.71
8.26
8.38
8.59
8.61
10.02
12.35
14.04
15.13
15.71
16.36
16.81
16.65
16.27
15.57
15.11
14.67
14.31
13.79
12.51
11.52
10.76
10.6
10.33
10.11
10.05
10.05
9.99
10.3
10.86
10.89
10.75
10.24
9.57
9.41
9.35
9.64
9.98
10.45
10.36
10.57
10.3
8.76
8.27
7.61
7.02
6.34
6.26
6.07
5.73
5.56
5.72
6.34
8.0
8.15
9.48
10.69
11.7
12.44
12.73
13.15
13.36
13.31
12.86
12.18
11.43
10.11
8.83
8.6
8.56
8.66
7.33
7.49
6.76
7.22
7.24
7.42
8.9
10.08
11.44
12.7
13.84
14.75
15.36
16.06
16.39
16.58
16.43
16.01
15.53
13.88
13.11
12.71
11.85
11.29
10.31
9.05
8.24
7.71
7.59
8.1
10.62
13.62
15.07
16.16
17.23
18.17
18.96
19.46
19.58
19.44
19.19
18.6
17.88
16.56
16.55
15.62
13.97
11.91
9.31
8.28
7.66
7.18
6.83
7.63
11.26
15.09
16.98
18.31
19.44
20.4
21.15
21.68
21.97
22.0
21.65
21.09
20.27
19.84
18.51
16.54
13.38
11.03
9.18
8.3
7.86
7.52
7.38
8.23
11.84
16.96
19.67
21.2
22.44
23.37
24.03
24.25
24.4
24.31
23.87
23.25
21.75
19.87
17.5
15.22
13.67
12.59
11.89
11.35
10.83
10.62
10.11
10.76
13.96
18.81
21.94
23.49
24.46
25.14
25.27
24.97
24.25
22.78
21.62
20.83
20.26
19.38
18.38
17.94
17.47
16.42
15.45
13.91
12.51
11.52
11.04
11.6
14.86
18.76
21.07
22.73
24.18
25.45
26.33
26.89
27.23
27.23
26.92
26.27
24.29
23.45
21.06
18.43
15.82
14.05
13.4
12.82
12.17
11.59
11.11
11.61
13.47
18.5
20.98
22.28
23.48
24.69
25.68
26.56
26.99
26.92
26.59
25.81
24.29
23.24
20.17
18.78
17.63
16.87
15.65
14.74
13.38
12.5
11.62
11.07
10.84
10.66
10.62
10.74
11.25
11.25
11.39
12.17
12.48
12.94
13.09
13.01
12.89
11.42
10.8
10.5
9.79
9.2
9.37
9.32
9.49
9.26
9.3
10.11
11.86
12.92
14.88
17.08
19.09
21.01
22.65
23.62
23.84
23.48
21.13
19.32
17.16
14.03
13.08
12.43
12.24
11.92
11.57
11.24
11.72
12.1
12.29
12.24
12.46
12.03
12.97
14.04
15.38
16.55
17.64
18.29
18.74
18.73
18.52
17.91
17.16
16.14
14.1
13.53
13.63
13.7
13.81
13.54
13.25
12.94
12.53
11.76
13.11
14.45
15.59
16.13
16.19
16.71
17.53
18.3
18.67
18.17
17.55
16.99
16.53
15.5
14.63
13.42
12.88
13.07
13.25
12.87
11.97
12.38
12.17
12.01
13.67
13.37
14.16
14.91
16.78
17.79
17.35
16.61
16.55
16.48
15.73
14.95
14.01
13.76
14.32
13.13
12.62
12.21
12.21
11.86
11.53
11.32
11.08
11.46
11.91
11.7
12.15
12.55
13.1
13.76
14.53
15.02
15.4
15.08
14.19
13.58
13.04
12.73
12.39
12.03
11.71
11.57
11.62
11.19
11.0
10.88
10.79
10.72
10.87
11.04
11.03
11.63
12.89
14.48
15.27
16.1
16.55
16.41
16.3
15.85
14.78
14.67
13.95
13.41
12.73
12.52
11.84
10.36
8.92
8.36
8.31
9.31
11.84
13.77
14.8
15.91
16.61
17.45
18.21
18.93
19.55
19.65
19.61
19.23
18.48
17.59
15.59
15.65
16.63
16.05
15.18
13.98
13.17
12.32
11.38
11.57
13.64
16.87
18.48
19.65
20.63
20.68
20.5
20.8
21.11
21.42
21.4
21.04
20.52
20.46
18.62
19.46
17.48
18.61
16.61
14.55
14.02
14.06
14.33
14.48
15.1
16.64
16.82
17.29
17.93
18.61
19.13
19.33
18.76
18.21
17.89
17.28
16.35
15.36
14.46
14.18
13.9
13.69
13.43
12.99
12.73
12.73
12.55
12.53
12.71
13.3
13.69
14.05
15.01
16.07
16.64
17.07
17.45
17.53
17.42
17.28
16.82
16.34
14.82
13.6
13.23
13.04
12.57
11.58
9.63
9.74
9.45
10.01
12.84
15.0
16.8
18.59
19.88
20.82
21.49
22.17
22.22
22.3
21.97
21.53
20.78
19.55
19.15
18.81
18.13
16.42
15.19
13.84
12.33
11.3
10.81
12.04
14.97
19.27
20.82
22.04
23.07
24.08
24.35
23.98
23.71
23.45
22.89
22.3
22.59
20.14
18.81
17.78
16.83
15.63
14.18
13.03
12.29
11.47
10.87
12.15
15.93
20.35
22.71
24.19
25.17
25.72
25.08
25.03
24.53
24.07
24.16
23.96
23.08
20.77
18.83
17.95
16.9
16.59
16.72
18.19
17.95
17.78
17.08
16.28
16.55
18.36
18.42
18.23
18.15
18.34
19.61
20.35
20.91
20.64
19.75
18.77
18.3
17.18
17.39
17.04
16.39
15.0
12.69
11.16
11.37
11.3
11.36
12.41
14.24
16.52
17.32
17.79
18.23
18.86
19.68
20.42
20.46
19.59
18.45
17.85
17.38
16.95
15.82
14.87
14.84
14.38
14.32
13.98
13.62
13.62
13.6
13.7
14.52
15.88
16.55
17.36
17.44
17.56
17.41
17.69
18.03
18.1
18.12
17.49
16.87
17.13
17.03
16.6
15.7
14.59
13.0
11.77
11.67
11.41
11.19
11.86
13.53
16.54
18.06
19.17
20.16
21.25
21.47
21.76
22.35
22.5
22.31
21.73
21.05
20.2
18.27
17.95
18.45
18.09
17.58
17.12
16.53
14.54
13.52
13.27
16.17
19.99
21.6
22.95
24.18
25.19
25.98
26.54
26.85
26.98
26.83
26.18
25.14
23.65
21.37
21.89
21.63
20.79
19.66
18.84
16.99
16.11
15.64
16.21
19.05
21.31
24.04
25.73
27.12
28.25
29.23
29.9
30.3
30.42
30.12
29.38
28.13
26.38
25.8
25.9
24.45
19.75
17.84
17.2
16.59
16.3
16.09
16.77
19.45
24.1
26.36
27.68
28.88
29.96
30.79
31.28
31.49
31.41
31.04
30.37
29.04
27.37
26.06
24.68
23.19
22.11
20.82
19.48
18.82
18.41
17.88
18.3
21.22
25.3
27.48
28.99
30.27
31.17
31.8
32.05
32.12
31.95
31.54
30.99
29.21
29.46
28.34
26.63
23.48
21.88
21.1
21.1
20.9
20.43
19.96
19.82
20.9
22.03
22.97
24.05
25.11
25.98
26.57
26.99
27.14
27.05
26.61
25.85
24.69
23.32
20.9
20.17
19.93
19.52
19.15
18.25
16.42
15.23
14.52
15.21
17.57
20.81
22.47
24.12
25.35
26.39
27.05
27.69
27.84
27.88
27.67
27.2
26.27
24.5
24.36
23.88
23.37
22.91
20.67
18.77
17.79
17.3
17.13
17.62
21.11
24.68
27.29
28.74
29.6
30.2
30.68
30.89
31.03
30.9
30.21
29.03
27.28
26.05
24.53
22.71
21.38
20.34
19.86
19.38
18.52
17.53
16.83
17.4
20.6
24.38
25.28
26.46
27.48
28.54
29.33
29.08
28.26
27.65
26.88
25.91
24.81
23.28
21.41
21.48
19.27
17.65
17.78
16.62
16.56
16.71
16.4
17.09
18.05
19.41
20.03
20.78
21.57
22.47
22.96
22.71
22.84
22.13
20.61
20.84
20.63
19.87
19.0
19.07
19.03
18.69
17.92
16.23
14.98
13.96
13.67
14.27
16.56
17.3
17.15
18.05
19.43
20.48
21.4
21.58
21.79
22.42
22.34
21.92
21.24
20.0
18.71
17.72
17.3
17.58
16.88
14.41
13.73
13.68
13.54
13.39
15.12
17.19
18.3
19.63
20.92
22.07
22.99
23.22
23.69
23.83
23.89
23.53
22.9
21.28
20.7
21.29
20.75
19.66
17.37
15.11
13.61
13.0
12.62
13.42
17.17
20.71
22.16
23.23
24.06
24.73
25.29
25.88
26.29
26.36
26.22
25.91
25.11
23.54
22.31
20.69
19.0
17.32
15.86
14.96
14.25
13.75
13.38
14.23
18.19
22.2
24.01
24.79
25.28
25.07
25.17
25.9
26.48
26.16
24.69
21.93
20.49
21.09
21.36
18.06
16.97
16.46
16.3
15.88
15.05
14.07
14.09
14.49
17.12
18.79
19.34
19.31
20.04
21.15
21.26
20.66
20.58
20.35
20.48
19.88
18.96
18.88
17.24
16.21
16.48
16.92
16.43
16.07
15.89
15.46
14.86
14.13
15.42
17.29
18.51
19.24
20.07
20.84
20.57
19.44
19.42
18.43
17.6
17.25
16.96
16.76
15.88
15.58
15.58
15.07
13.73
13.71
13.46
12.2
11.84
12.23
13.7
13.99
14.85
15.82
16.23
17.02
17.54
18.36
18.95
19.08
18.96
18.54
17.95
16.76
15.65
14.72
13.85
13.04
12.54
11.82
11.34
10.81
10.2
10.69
11.7
12.99
14.52
15.78
16.91
17.77
18.52
19.12
19.46
19.52
19.3
18.84
18.17
16.97
16.02
16.02
15.84
15.38
15.03
14.55
13.89
12.99
12.5
12.68
13.53
15.88
17.08
18.32
19.1
19.72
20.03
20.81
21.03
20.97
19.63
18.63
18.11
16.86
17.35
17.03
16.66
15.92
15.5
15.06
15.1
15.09
14.4
14.88
15.28
17.61
18.41
19.34
20.22
21.21
21.22
21.32
21.77
21.36
20.9
19.78
18.98
17.41
16.46
15.64
14.98
14.5
14.23
13.65
13.15
12.58
11.96
12.3
13.42
14.27
15.25
16.12
17.04
17.69
18.24
18.47
18.56
18.54
18.09
17.96
17.61
16.63
17.0
16.52
15.78
15.4
15.51
14.55
14.35
14.33
13.87
13.24
14.09
15.51
16.38
17.28
18.0
18.28
18.68
19.05
19.36
19.38
18.98
17.09
16.02
15.73
14.49
13.74
13.52
13.38
13.3
13.21
12.93
12.77
12.53
12.53
12.71
12.55
12.84
13.49
14.62
15.85
17.29
18.03
18.43
18.16
18.18
18.08
17.73
17.02
17.0
16.64
15.23
15.45
15.25
14.88
14.21
13.69
13.07
12.71
13.52
15.92
17.13
18.39
19.61
20.43
21.21
21.68
22.23
22.35
22.09
21.76
21.09
20.57
19.45
18.25
17.43
17.09
16.83
16.13
15.47
14.15
13.06
12.32
15.0
17.94
19.61
20.76
21.63
22.55
23.05
23.35
23.44
23.5
23.27
22.93
22.11
20.57
19.51
18.57
17.86
17.47
17.49
17.73
17.88
17.84
17.07
16.28
16.7
18.7
19.86
20.97
21.79
22.44
22.84
23.02
23.08
23.08
22.9
22.52
21.36
19.92
18.91
17.97
17.14
16.82
17.0
16.9
16.38
15.92
15.78
16.07
17.16
19.35
20.3
21.09
21.73
22.1
22.78
23.06
23.27
23.51
23.73
23.43
22.71
22.52
21.21
20.34
19.37
18.05
17.53
16.78
15.87
14.67
14.35
14.69
17.23
20.31
22.86
24.65
25.82
26.44
26.76
26.72
26.36
25.78
24.96
24.87
23.87
22.7
21.15
19.67
20.66
18.04
17.38
16.88
17.19
17.97
16.64
16.12
17.02
18.35
19.19
20.4
20.98
21.62
22.38
22.76
23.12
23.3
23.02
22.92
22.36
22.73
21.88
21.63
21.15
20.71
20.4
20.16
19.92
19.69
18.87
17.59
17.74
21.43
22.81
23.98
24.99
25.81
26.25
26.34
26.5
26.35
26.09
25.56
24.46
24.2
24.22
23.77
23.2
22.65
22.08
21.52
20.98
20.52
20.14
19.92
20.32
21.72
23.31
24.6
25.79
26.81
27.68
28.21
28.42
28.45
28.25
27.79
26.46
25.08
25.75
25.11
24.52
23.89
23.34
22.68
20.89
19.56
18.92
18.46
19.99
24.11
26.24
27.89
28.78
29.56
30.31
30.53
30.61
30.51
30.0
29.48
27.82
26.33
25.25
23.67
22.44
22.21
22.54
22.66
22.4
22.14
21.95
22.22
22.9
25.06
26.92
28.29
29.52
30.32
31.34
31.31
31.65
31.27
30.71
29.19
29.13
26.62
26.32
24.78
23.03
21.61
20.26
19.32
18.63
18.33
18.43
18.52
20.25
24.4
26.64
27.57
27.97
28.68
29.05
29.24
29.31
28.19
26.99
25.75
24.28
26.69
22.17
20.8
20.52
19.64
18.76
19.06
20.13
20.13
20.04
19.59
19.75
19.88
21.11
21.77
22.31
22.68
22.72
22.93
23.16
22.33
20.82
19.86
19.3
18.63
18.07
17.47
17.23
16.83
16.77
16.61
16.34
16.15
16.02
16.03
16.03
15.67
15.69
15.48
15.49
15.57
15.61
15.78
15.83
15.53
15.23
15.16
15.0
14.6
14.61
14.64
14.56
14.3
14.25
14.19
14.41
14.92
15.55
15.63
15.29
15.69
16.24
17.24
18.2
18.94
19.43
20.01
20.0
20.33
20.27
19.96
19.28
17.92
18.09
17.94
17.82
17.24
16.46
15.42
14.82
14.25
14.23
14.45
16.46
18.67
20.02
21.05
22.01
22.9
23.53
23.96
24.15
24.0
23.75
22.93
21.98
20.23
18.43
17.47
17.17
17.1
17.0
16.69
16.29
15.97
15.72
15.61
15.85
16.18
16.65
17.3
17.49
17.83
17.98
18.82
19.07
19.39
19.37
19.22
19.07
18.25
17.91
16.67
16.25
16.0
17.0
16.72
16.25
15.62
15.15
14.73
15.06
16.21
17.31
18.52
19.88
21.21
22.02
22.46
22.65
22.65
22.25
21.72
21.03
19.55
20.24
19.8
19.11
18.52
18.69
17.21
17.1
16.86
16.52
15.71
15.86
16.93
17.09
17.14
18.05
18.61
19.27
19.81
20.3
20.33
20.05
19.73
18.63
17.49
16.38
15.4
14.49
14.05
13.64
13.49
13.45
13.3
12.71
13.06
14.83
17.51
18.24
19.24
19.95
20.71
21.3
21.56
21.81
21.94
21.75
21.37
20.59
19.21
18.62
17.77
16.92
16.7
16.56
16.78
16.39
15.55
14.48
14.33
14.88
16.38
18.57
20.02
21.19
22.19
23.02
23.55
23.9
23.95
23.75
23.34
22.51
22.27
21.22
20.81
21.03
20.74
20.37
19.27
17.37
16.97
17.24
18.56
19.72
21.3
22.73
24.09
25.16
26.0
26.34
26.54
26.58
26.47
26.0
25.31
24.27
23.6
21.64
21.23
22.07
21.2
20.27
19.12
18.6
18.1
17.79
17.72
17.8
18.84
19.69
21.17
22.55
23.23
24.49
25.34
25.23
23.9
23.07
22.48
22.32
20.29
19.04
18.93
20.52
20.3
20.13
19.83
19.49
19.25
19.06
19.3
18.87
18.59
19.15
18.87
18.44
17.92
18.33
18.59
19.73
20.34
20.15
19.51
17.65
17.23
16.62
16.34
17.05
17.4
15.52
14.38
13.87
13.7
12.76
12.51
14.73
16.84
18.19
19.42
20.66
21.76
22.51
23.11
23.48
23.49
23.4
23.1
22.31
20.55
21.11
20.99
20.62
20.38
20.1
19.73
18.84
18.42
18.03
16.36
17.28
19.94
22.66
24.94
26.59
27.92
28.66
29.31
29.3
29.39
28.71
27.86
25.87
26.13
23.16
22.05
21.39
21.75
22.18
21.83
21.31
20.78
18.8
18.7
18.88
18.37
18.11
17.86
18.08
19.48
20.41
21.07
21.71
21.97
22.08
21.76
21.02
18.91
18.37
17.9
18.27
18.92
18.8
18.62
18.43
18.03
17.77
17.53
17.72
18.37
19.18
20.17
21.12
22.13
23.26
24.23
24.92
25.4
24.71
22.92
20.71
16.65
16.36
16.22
16.03
15.65
15.38
15.28
15.23
15.05
14.85
14.75
14.86
14.28
14.36
14.24
14.46
14.81
15.68
16.66
17.27
17.33
17.0
16.79
16.31
15.2
14.7
14.32
13.76
13.25
12.57
12.54
12.69
12.49
12.15
12.24
13.52
14.16
14.32
15.0
15.57
16.07
16.61
16.62
16.64
16.63
16.46
16.3
15.74
14.66
13.23
12.15
11.57
11.23
10.7
10.33
10.41
10.38
10.97
10.88
11.86
12.92
13.91
15.05
16.06
16.96
17.96
18.9
19.09
19.19
18.84
18.46
17.71
16.34
17.1
16.93
16.65
16.32
16.03
15.82
14.98
15.74
14.96
14.1
14.11
15.81
17.08
17.93
18.42
19.4
19.78
19.46
19.65
17.85
17.61
17.25
15.92
14.78
14.23
13.5
13.1
12.63
12.44
12.05
11.66
11.46
11.36
11.94
13.25
14.48
15.78
17.05
18.15
19.25
20.01
20.44
20.59
20.62
20.44
19.98
19.26
18.93
18.48
18.03
17.69
17.44
17.37
16.9
16.96
15.23
14.36
15.69
15.76
18.12
20.83
21.91
22.9
23.99
24.43
24.53
24.37
23.93
23.66
23.03
21.86
20.78
19.7
18.97
18.03
16.82
16.22
15.86
15.82
15.54
15.16
14.66
15.74
19.12
22.65
24.86
26.44
27.9
29.08
29.53
29.5
28.9
28.17
26.36
24.34
22.79
20.59
19.63
21.4
19.83
17.44
17.11
17.0
16.54
16.43
16.82
16.86
17.39
18.43
19.83
20.68
21.04
20.88
20.07
20.1
19.87
19.48
19.21
18.69
17.58
17.06
16.88
16.6
17.0
16.4
15.58
15.62
15.44
15.37
15.21
15.68
15.21
15.21
15.25
15.17
15.03
15.0
15.0
14.7
14.78
14.58
14.24
13.53
12.88
12.85
12.9
12.79
12.25
11.91
11.1
10.13
9.6
9.16
9.31
11.0
12.13
13.53
14.93
15.96
16.89
17.7
18.17
18.25
18.03
17.69
17.04
16.26
15.11
14.64
14.2
13.66
12.81
12.27
12.19
11.67
11.53
11.82
11.77
12.05
13.63
15.45
17.59
18.83
20.0
21.11
21.52
21.78
21.93
21.59
20.82
19.89
16.54
16.18
15.53
14.44
13.8
13.32
13.48
13.5
13.3
13.14
12.9
12.54
14.25
15.8
17.23
18.61
20.05
20.94
21.64
21.99
21.88
21.56
20.83
19.75
17.96
17.15
16.1
15.43
15.53
16.05
15.88
15.69
15.37
15.05
14.37
13.86
15.43
17.24
19.25
20.84
22.19
23.04
23.51
23.42
23.34
23.07
22.54
21.79
20.03
20.57
19.72
18.1
16.58
15.17
13.81
12.87
12.66
12.86
12.71
13.44
15.81
18.32
20.76
22.38
23.42
24.13
24.61
24.81
24.66
24.22
23.49
21.73
21.39
21.45
20.66
20.01
19.64
19.41
19.11
18.83
18.53
18.28
18.17
18.21
18.63
21.07
22.23
23.19
24.01
24.7
24.93
25.19
25.01
24.6
23.74
22.79
21.88
21.86
21.15
20.58
20.14
19.75
19.11
18.47
17.86
15.89
13.57
14.65
19.61
22.55
24.09
25.36
26.23
26.83
26.89
26.83
26.6
26.07
25.25
23.55
21.72
21.05
20.26
19.55
19.31
19.11
19.93
20.71
19.05
17.81
17.82
18.13
20.33
21.98
22.69
23.47
24.29
24.96
25.07
24.7
24.37
23.87
23.4
22.36
20.31
19.36
18.73
17.84
17.77
17.98
18.26
18.0
17.25
17.5
17.52
17.61
19.47
21.11
21.61
22.16
22.61
23.17
23.3
23.6
23.66
23.48
23.29
21.65
20.88
20.53
21.27
21.05
20.67
20.16
19.3
18.71
18.22
17.86
17.51
16.96
18.57
20.43
21.84
22.71
23.42
24.06
24.57
24.7
24.53
24.17
23.36
22.15
20.54
20.29
20.49
20.1
19.76
19.38
18.96
18.67
18.58
18.26
18.31
17.75
19.07
21.66
23.1
24.35
25.41
25.94
25.73
25.42
25.27
24.98
24.15
22.88
21.57
20.62
19.46
18.41
17.46
16.33
16.08
16.17
15.94
15.45
14.91
15.33
18.04
20.07
20.61
20.87
21.2
21.17
21.34
20.91
18.94
18.88
18.46
17.61
17.18
16.85
16.33
16.24
16.26
15.82
15.5
15.13
14.78
14.69
14.27
14.14
14.2
14.22
14.1
14.17
14.18
14.32
14.18
14.17
14.22
14.12
14.05
13.86
13.66
13.47
13.42
12.74
12.17
11.54
10.91
10.78
10.94
11.16
11.13
11.55
12.23
13.81
15.23
16.58
17.61
18.38
18.84
19.09
19.02
18.63
17.97
16.76
15.45
15.98
15.79
15.34
14.89
14.55
14.26
14.11
13.94
13.78
13.69
13.75
13.68
16.44
18.07
19.29
20.4
21.34
21.99
22.3
22.17
21.85
21.0
19.46
17.36
16.11
15.53
15.28
15.2
15.15
15.38
15.74
15.46
13.9
12.42
12.6
13.93
14.19
13.95
13.33
13.17
12.59
12.9
12.77
12.86
12.76
12.52
12.05
10.93
10.33
10.55
10.36
10.12
10.3
10.32
10.11
9.89
9.5
9.18
9.55
10.26
10.99
11.43
11.86
12.26
12.29
12.34
12.14
12.12
12.17
11.9
12.06
11.42
11.26
11.21
11.11
11.12
11.09
10.98
10.89
10.75
10.62
10.32
10.35
11.5
12.11
12.76
13.64
14.12
14.71
15.36
15.61
15.62
14.96
14.24
13.08
12.84
13.98
13.77
13.15
12.65
12.59
12.36
11.33
10.81
11.04
10.9
9.77
9.73
9.96
10.15
10.45
10.81
10.82
11.14
11.08
11.14
10.87
10.36
9.54
9.2
8.93
8.79
8.62
8.47
8.35
8.28
8.27
8.23
8.31
8.27
8.44
9.45
10.26
11.16
11.88
12.87
13.73
14.48
14.82
14.77
14.27
13.73
12.4
11.44
11.4
11.7
12.28
12.25
11.29
10.94
10.55
10.13
10.08
10.21
10.63
10.94
12.91
14.43
15.69
16.65
17.38
17.9
18.05
17.91
17.39
16.57
15.23
14.02
14.05
13.7
12.83
12.44
12.69
12.17
12.09
12.0
11.7
11.55
11.35
11.49
13.69
15.5
16.65
17.81
18.59
18.8
18.83
18.48
17.99
17.05
16.92
15.17
15.97
15.78
12.94
15.04
14.52
13.98
13.52
12.61
12.01
11.4
10.38
12.37
14.95
16.37
17.63
18.72
19.55
20.13
20.41
20.48
20.23
19.65
18.83
18.55
17.93
17.4
17.02
16.33
15.2
14.41
14.08
13.65
13.32
13.34
13.28
13.67
16.87
18.81
19.97
20.93
21.73
22.22
22.39
22.18
21.61
20.64
18.92
17.82
18.19
18.13
17.41
16.27
14.97
14.67
14.67
14.43
14.37
14.21
13.88
14.29
16.35
17.63
19.22
20.21
21.25
21.82
22.04
21.79
21.15
20.29
18.88
17.75
18.22
17.73
17.24
16.82
16.52
16.29
16.21
15.74
14.59
13.23
12.78
14.82
17.65
19.89
21.6
22.65
23.46
23.96
24.05
24.03
23.64
22.52
20.19
19.31
18.18
17.43
16.64
16.1
15.52
14.8
13.27
11.97
11.33
11.22
11.74
15.38
19.37
21.43
22.6
23.4
23.97
24.35
24.33
24.09
23.58
22.3
20.15
18.62
17.7
17.11
16.72
16.5
16.75
17.29
17.3
15.28
13.77
13.76
12.91
16.61
18.23
19.27
20.14
20.88
21.15
21.32
21.15
20.92
20.27
19.25
17.84
16.73
16.07
15.75
15.2
14.78
14.29
13.72
13.21
12.64
12.02
11.49
11.08
11.41
12.03
13.07
14.32
15.34
15.92
15.9
16.0
15.54
14.98
14.14
13.09
12.4
11.82
11.39
10.85
10.57
10.07
9.71
9.32
8.89
8.52
8.1
7.99
8.95
10.23
11.54
12.84
14.2
14.95
14.99
14.95
14.61
13.91
12.89
11.7
11.0
10.24
9.63
9.08
8.33
7.78
7.35
6.93
6.77
6.34
6.61
7.29
7.96
9.74
11.52
13.3
14.75
15.78
16.43
16.67
16.52
15.9
14.74
13.27
11.58
10.29
10.52
10.94
10.74
10.58
10.55
10.56
10.69
10.82
10.97
11.21
11.54
13.56
15.81
17.63
18.96
19.93
20.44
20.58
20.43
19.77
18.68
16.75
15.82
16.14
16.23
15.94
15.68
15.53
15.6
14.74
14.21
14.29
15.38
15.31
15.71
16.62
18.94
20.43
21.52
22.16
22.51
22.47
22.28
21.83
21.64
20.42
18.36
17.09
16.16
15.37
15.25
13.97
12.91
12.42
12.15
11.83
11.75
11.79
11.55
11.58
12.05
12.39
13.52
14.78
15.39
15.58
15.57
15.15
14.56
13.75
14.36
14.13
13.9
13.73
13.47
12.69
11.85
10.78
10.53
10.11
9.0
8.61
9.86
12.19
12.84
13.68
14.82
15.56
15.94
15.65
15.17
15.16
14.74
13.62
13.32
12.91
12.83
13.14
13.21
13.21
12.89
12.01
10.66
9.63
9.65
10.38
11.09
12.86
13.61
14.26
15.04
15.5
15.88
15.91
15.43
14.33
13.9
12.79
11.54
11.88
12.03
12.2
12.24
12.05
12.2
11.92
11.99
11.88
11.88
11.86
11.86
12.42
12.82
13.48
14.15
15.14
16.24
16.67
17.08
16.96
16.32
15.25
14.71
13.98
13.35
12.8
12.44
12.25
10.8
10.13
10.21
10.22
9.92
9.5
12.54
15.37
16.7
17.92
19.19
20.11
20.23
20.16
19.67
18.69
17.41
15.75
15.26
15.95
15.01
12.86
13.12
12.84
12.49
12.19
11.89
11.53
10.86
10.65
12.12
13.12
13.68
14.67
15.84
16.65
17.19
17.16
16.95
16.37
15.27
13.32
13.02
11.96
11.92
12.13
12.53
12.7
12.24
11.9
10.34
8.61
6.8
6.83
12.17
14.27
16.31
18.38
20.21
21.48
22.12
22.22
21.86
21.13
19.72
17.85
16.87
15.69
16.62
17.48
17.8
17.09
16.34
15.75
15.27
14.76
14.4
13.86
12.89
12.9
13.21
13.48
14.21
15.32
16.21
16.34
16.58
16.2
15.73
15.36
14.76
14.17
13.69
13.28
12.86
11.29
8.72
7.78
7.63
7.45
8.3
10.96
11.69
14.43
16.58
17.94
19.25
20.21
20.75
20.84
20.38
19.69
18.29
16.14
14.15
13.68
13.57
13.19
13.0
12.54
12.12
11.98
11.59
10.8
10.55
10.81
11.51
12.7
13.32
13.73
13.7
14.12
14.0
13.01
12.81
11.51
10.22
9.56
8.8
8.23
7.77
6.63
6.27
5.96
5.58
5.22
6.02
6.08
5.97
5.74
5.49
6.83
7.99
9.34
10.39
11.28
11.71
11.91
11.7
11.15
10.33
8.85
8.36
9.05
9.34
9.4
9.38
9.32
9.14
9.03
8.82
9.06
9.32
9.36
8.93
9.84
10.96
10.9
11.26
11.21
11.67
12.11
12.17
11.75
11.41
11.03
10.05
9.86
9.51
9.14
8.94
8.79
8.49
8.6
8.99
9.39
9.51
9.59
9.45
9.92
10.46
10.89
10.79
10.9
11.03
11.18
11.36
10.98
10.45
9.58
10.01
9.93
9.75
9.77
9.62
9.41
9.29
9.7
9.76
9.67
9.54
9.24
9.49
10.78
11.3
12.08
12.8
13.66
14.06
14.15
14.0
13.27
12.42
11.64
11.06
10.89
10.93
10.17
8.93
8.03
7.73
7.33
6.82
6.76
6.55
6.57
7.44
9.33
10.17
10.87
11.84
12.19
12.38
12.5
12.44
12.13
11.81
10.9
10.31
10.33
10.14
9.97
9.39
8.78
8.38
8.12
8.11
7.78
7.92
7.94
8.94
11.15
13.0
14.27
14.94
15.37
16.05
16.41
16.05
15.81
14.64
13.84
13.02
12.91
12.65
12.28
12.39
12.42
12.32
12.75
13.54
13.68
12.69
11.9
11.47
11.75
11.64
11.75
11.96
11.99
11.1
10.59
10.56
10.87
10.62
9.91
8.39
7.08
6.86
6.38
6.17
5.67
5.44
5.41
5.46
5.68
5.55
5.68
8.0
10.29
11.67
11.86
12.15
12.46
13.21
13.34
13.39
12.86
11.78
10.73
9.68
9.63
9.69
9.73
9.16
7.86
6.13
6.04
4.23
2.94
2.96
3.74
7.79
9.68
12.77
14.54
15.94
17.07
17.86
18.13
17.75
16.7
16.73
16.14
14.3
13.47
11.18
9.56
7.95
7.35
6.94
6.55
6.4
5.15
5.31
5.42
7.31
12.13
15.82
18.04
19.48
20.54
21.17
21.17
20.12
18.86
18.52
16.84
17.25
16.88
14.33
13.3
12.76
11.67
10.73
10.27
9.89
9.24
9.16
9.11
8.71
13.32
16.81
19.11
20.4
21.54
22.31
22.77
22.55
21.57
20.98
20.57
19.2
18.24
15.55
13.16
11.63
10.98
10.54
10.03
9.72
9.37
8.95
8.63
9.12
12.2
14.88
17.0
18.66
19.94
20.85
21.32
21.03
19.9
17.52
16.44
18.3
16.65
13.84
12.83
11.83
11.27
11.13
11.72
12.42
13.92
13.86
13.7
14.03
12.94
14.99
14.94
14.42
14.1
14.03
13.37
12.78
12.11
11.49
10.39
9.6
9.05
8.73
8.6
8.39
7.91
6.45
5.71
4.9
4.04
3.47
3.28
6.79
9.13
11.09
12.62
13.89
14.92
15.61
15.9
15.68
14.63
14.78
14.25
12.94
12.42
11.52
11.96
11.82
10.56
9.8
10.58
11.16
11.3
11.71
12.03
8.34
10.96
13.25
14.63
16.23
17.02
17.44
17.5
17.03
15.82
14.78
15.0
13.52
13.4
13.42
13.4
13.72
13.93
13.86
13.38
13.01
12.75
12.56
12.26
12.98
13.42
14.21
14.83
15.57
16.67
17.15
17.13
16.89
15.85
14.09
14.53
13.47
13.14
12.37
12.38
12.25
12.25
10.62
10.31
10.77
12.13
12.09
12.01
11.38
11.7
12.07
12.13
13.22
14.35
15.34
15.67
15.27
14.58
13.27
13.81
11.23
11.69
11.5
11.46
11.68
10.99
11.24
11.32
11.25
11.18
11.3
11.32
12.02
11.95
13.78
15.36
16.88
18.26
19.05
19.4
18.99
18.27
17.27
15.98
16.01
15.23
13.28
12.31
12.21
13.91
12.89
12.76
10.75
10.3
12.36
10.9
12.83
13.03
13.77
14.3
14.6
14.61
14.48
14.18
13.91
13.54
13.06
12.81
12.08
11.9
12.52
12.65
12.12
11.39
11.18
10.58
10.15
10.0
10.03
10.28
9.9
11.61
12.27
13.01
13.82
14.5
14.72
14.86
14.82
14.27
13.62
12.89
11.14
10.46
11.09
11.29
11.07
11.13
11.1
11.0
10.89
10.77
10.6
10.45
10.63
11.48
13.21
15.29
17.36
18.99
19.98
20.33
19.81
17.88
16.93
17.45
16.2
16.05
15.68
15.02
14.59
14.43
14.24
13.88
13.57
13.42
11.48
11.85
12.41
12.27
13.66
15.08
15.85
15.74
15.27
15.08
14.61
13.85
14.0
13.84
13.59
13.53
13.08
12.19
11.63
11.31
11.26
11.51
11.44
11.28
11.57
11.73
10.53
11.14
12.67
13.51
14.24
14.78
15.0
14.97
14.63
13.83
12.56
12.49
11.65
11.83
11.53
11.21
10.98
10.72
10.34
10.08
8.84
8.88
9.97
10.11
8.8
9.82
13.78
15.9
17.46
18.48
19.0
19.03
18.59
17.8
16.17
14.82
13.72
12.88
12.26
11.81
12.42
12.06
11.74
11.55
11.18
11.31
11.72
12.63
7.28
10.76
15.18
17.14
18.32
18.98
19.16
18.86
18.22
16.84
15.98
15.41
14.6
14.09
13.94
13.76
13.38
13.02
12.76
12.49
12.33
11.84
10.9
10.53
10.27
10.65
11.09
11.28
11.39
11.52
11.55
11.41
11.14
10.89
10.65
10.46
9.83
9.63
9.42
9.15
9.0
8.87
8.8
8.72
8.64
8.44
8.31
8.19
8.19
8.11
8.05
8.09
8.3
8.4
8.53
8.58
8.66
8.4
8.2
8.03
7.25
7.14
7.12
7.2
7.26
7.13
6.97
6.78
6.59
6.61
6.6
6.7
6.48
7.03
7.28
7.83
8.4
9.05
9.24
9.15
8.83
8.28
7.95
7.72
7.14
6.9
6.7
6.77
6.75
6.76
6.82
6.86
6.81
6.75
6.82
6.85
6.34
6.93
7.47
8.26
9.0
9.9
10.3
10.27
9.92
9.38
8.91
8.44
7.82
8.13
8.38
8.72
8.65
8.58
8.15
7.98
8.03
8.29
9.16
9.14
9.25
9.75
10.73
11.67
12.75
13.25
13.35
12.95
12.06
12.26
11.38
11.07
11.77
10.68
10.3
9.82
9.31
9.04
8.86
8.9
8.98
8.57
8.4
8.16
8.37
9.6
11.43
12.09
13.1
14.31
14.7
15.06
14.72
14.33
14.33
13.9
12.49
12.29
12.04
10.1
9.37
9.14
9.04
9.11
9.46
10.22
10.17
9.55
9.78
9.26
10.31
10.46
10.66
10.86
11.34
11.51
11.38
10.56
9.89
9.25
8.28
8.03
7.88
7.66
7.78
7.8
7.56
7.08
6.94
7.13
8.15
8.79
5.04
7.01
9.3
11.59
13.11
13.19
13.21
12.86
12.38
11.81
10.09
9.38
9.82
7.81
7.66
7.68
8.44
9.31
9.1
8.21
8.17
8.03
7.81
7.57
7.5
7.91
8.59
9.08
9.91
10.03
10.01
9.9
9.32
8.4
7.17
7.56
7.47
7.52
7.42
6.53
6.03
5.9
6.06
6.27
5.65
5.03
4.57
4.46
4.83
5.57
6.49
7.15
7.47
7.73
7.75
7.83
7.12
6.33
5.41
4.35
4.37
4.54
5.03
5.75
5.69
4.94
4.34
3.75
3.5
2.94
2.93
1.09
1.59
4.01
5.77
6.95
7.46
7.45
8.29
8.39
8.19
7.63
7.95
7.69
5.79
5.58
4.45
3.93
3.82
3.61
3.52
3.24
2.86
2.72
2.43
2.35
2.36
2.18
2.21
2.16
2.28
2.44
2.63
2.94
2.8
3.04
3.06
3.28
3.63
3.81
3.89
3.76
3.39
3.01
2.4
1.69
1.01
-0.69
-1.15
-1.24
-0.94
0.97
2.52
3.95
5.08
5.9
6.17
5.99
5.63
5.43
5.23
5.03
3.63
3.22
3.01
2.47
2.16
1.24
1.19
1.75
1.51
1.42
1.05
1.23
-1.37
-0.2
2.02
3.76
4.92
5.88
6.24
6.35
5.98
4.96
3.46
4.37
2.49
0.75
0.7
0.84
0.93
1.22
1.21
1.05
0.77
0.61
0.57
0.46
-0.04
0.63
2.18
3.49
5.39
6.6
7.42
7.48
6.9
5.88
6.55
6.51
4.92
5.05
4.67
3.58
2.63
2.75
2.82
2.78
2.71
2.54
2.05
1.57
2.06
2.88
4.4
5.4
6.08
6.59
6.76
6.7
6.31
5.43
4.27
4.66
3.77
4.34
4.18
3.13
3.32
1.04
0.23
-0.31
-0.28
0.04
0.08
0.1
1.39
1.38
2.78
3.37
3.94
4.36
4.66
4.67
4.44
3.25
2.15
1.9
3.56
3.27
2.51
1.95
0.96
-0.26
-1.0
-0.72
-1.1
-2.09
-1.46
-0.29
-1.02
0.64
2.27
4.36
5.56
6.2
6.63
6.66
6.09
4.96
4.01
3.38
3.83
4.36
3.72
2.86
2.44
1.97
2.03
1.96
1.0
0.59
0.55
0.29
1.09
1.76
3.04
4.39
5.15
5.77
5.85
5.71
5.1
4.28
3.19
2.27
1.86
0.88
0.94
1.19
2.03
2.01
2.39
2.19
1.16
1.47
2.72
3.02
2.02
2.27
2.26
3.6
4.87
5.67
6.24
6.5
6.14
4.98
3.17
2.16
1.42
1.2
1.23
0.66
1.05
1.16
0.85
0.48
0.35
0.5
0.55
0.73
0.56
1.15
1.31
1.29
1.31
1.39
1.5
1.57
1.38
1.13
0.93
0.48
0.81
0.45
0.15
0.03
0.17
0.26
0.17
-0.08
-0.34
-0.4
-0.33
0.25
0.2
1.03
3.11
4.15
5.03
5.69
5.89
5.86
5.29
3.73
3.51
3.54
3.05
3.12
3.1
2.91
2.64
1.96
1.02
1.43
1.05
0.51
-0.04
-0.64
0.25
0.32
1.73
2.39
3.21
3.79
4.12
4.13
3.61
2.81
1.63
0.29
-0.17
-0.31
-0.32
-0.52
-0.68
-0.9
-0.97
-1.05
-0.78
-0.7
-0.55
-0.34
-0.49
-0.23
1.92
3.01
4.14
5.05
5.81
5.9
5.34
3.72
3.08
2.55
3.18
2.73
2.5
2.47
2.83
2.94
2.88
2.85
2.85
2.8
2.63
2.6
2.4
2.44
3.38
5.02
6.24
7.16
7.62
7.64
6.97
5.04
4.17
5.21
3.79
3.74
3.92
4.06
4.07
3.96
3.61
3.15
2.72
2.69
2.3
2.7
4.3
4.05
4.02
5.86
6.76
7.47
8.06
8.11
7.46
5.56
4.87
5.21
4.25
4.51
4.22
3.9
5.01
5.21
5.12
5.02
4.98
4.62
4.53
3.94
4.8
5.21
6.01
7.75
8.96
9.43
9.09
8.6
7.46
7.54
8.1
7.69
8.75
8.82
8.44
8.34
8.13
7.85
7.46
7.15
7.01
6.88
6.5
6.18
5.8
6.03
6.77
8.24
9.25
9.74
10.0
9.86
9.16
9.05
8.35
7.61
7.07
6.64
6.02
5.23
4.32
3.65
3.66
3.78
3.57
3.65
3.93
3.99
4.35
4.48
4.61
6.13
7.47
8.19
8.77
8.87
8.47
8.13
7.32
6.4
6.97
7.4
7.4
7.48
7.59
7.42
7.17
6.69
6.76
6.66
6.35
5.25
5.88
6.44
6.76
8.04
8.94
9.56
9.43
9.3
8.65
8.52
7.79
6.88
7.04
6.85
7.13
7.42
7.49
7.54
6.88
6.82
6.77
3.07
4.5
6.54
5.01
4.69
4.77
5.74
8.35
9.74
10.84
10.74
9.87
7.85
6.39
5.61
5.63
5.29
4.93
4.42
4.17
3.95
3.76
3.87
4.19
4.71
4.13
3.88
4.52
4.52
5.31
6.19
6.51
6.32
6.24
6.52
6.58
6.32
5.59
5.3
4.88
4.77
4.06
3.82
3.53
2.9
2.73
2.72
2.84
2.68
2.78
2.78
2.51
3.14
3.97
3.71
3.53
3.86
4.12
4.12
4.08
4.01
4.12
4.14
4.21
3.98
3.9
3.68
3.52
3.32
3.19
2.98
2.9
2.63
2.6
2.53
1.69
1.74
2.13
3.17
4.35
5.34
5.57
5.28
4.57
3.19
1.33
0.47
0.59
1.5
1.78
1.72
1.68
1.75
1.91
2.03
2.05
1.86
2.18
2.53
1.64
1.86
1.73
2.48
3.23
3.56
3.56
3.4
3.07
2.3
1.96
2.08
3.0
3.43
3.82
3.15
2.32
2.4
2.48
2.38
2.17
1.48
1.25
0.93
0.59
0.85
1.14
1.25
2.05
2.46
2.43
2.23
1.81
1.08
0.48
0.07
-0.29
-0.42
-0.64
-0.72
-0.87
-1.24
-1.49
-1.61
-1.91
-2.19
-2.51
-3.13
-3.32
-2.5
-0.7
0.69
1.8
2.58
3.01
2.78
2.11
0.65
-1.18
-1.86
-2.09
-1.14
-1.01
-1.06
-0.48
-0.52
-0.57
-0.59
-0.65
-0.72
-0.84
-0.95
-0.57
-0.38
0.23
2.26
3.7
4.65
4.96
4.79
3.71
3.28
2.88
2.69
2.32
2.36
2.51
2.73
2.92
2.97
2.95
2.94
2.95
2.82
2.68
2.63
1.9
2.27
2.95
4.57
6.08
6.83
6.91
6.46
6.15
5.33
4.65
4.22
3.11
3.38
3.46
2.98
3.01
2.86
2.75
2.76
2.24
3.24
3.21
2.32
-0.25
0.53
1.68
4.46
6.75
7.78
7.97
7.35
5.71
2.99
1.81
1.05
0.78
0.19
0.15
0.46
0.76
1.01
1.21
1.42
1.64
1.82
2.16
2.44
2.01
3.04
3.75
4.42
4.7
4.86
5.02
4.98
5.41
6.17
5.76
5.26
5.52
5.52
5.18
5.61
4.95
4.59
3.46
2.57
1.42
-0.69
-2.49
-1.96
-1.78
-1.24
1.36
5.5
7.46
8.44
8.82
8.34
6.34
4.5
3.32
3.09
2.43
2.58
2.62
2.92
3.34
3.53
3.94
3.76
3.66
3.51
3.01
2.54
1.89
1.48
3.3
5.46
5.89
5.32
4.6
4.19
3.85
3.28
2.66
2.31
2.13
1.95
1.5
1.33
1.08
0.93
0.87
0.99
0.86
0.71
0.34
0.05
-0.14
-0.64
0.38
1.33
2.01
2.5
2.62
2.65
2.16
1.18
1.56
1.13
0.71
0.55
0.7
0.7
0.46
0.26
0.31
0.34
0.44
0.53
0.65
0.82
0.61
1.15
1.75
1.93
3.33
4.02
4.16
3.59
3.1
1.88
1.13
0.75
0.34
0.35
0.51
1.03
1.73
2.23
2.33
2.38
2.29
-0.39
-0.72
0.14
0.61
0.7
0.92
1.48
1.98
2.38
2.47
2.14
2.9
2.75
2.4
2.07
1.36
0.95
0.73
0.64
0.13
-1.8
-1.62
-1.32
-0.98
-1.2
-1.29
-1.05
-1.22
-0.55
0.14
0.84
1.63
2.34
2.44
2.2
1.86
1.56
1.45
1.35
1.52
1.43
1.66
1.89
2.13
2.2
1.89
1.41
1.57
2.73
3.79
4.82
5.74
6.11
5.98
5.36
5.31
5.55
5.74
6.39
6.35
6.11
5.52
4.25
3.79
3.21
3.5
4.1
5.33
2.86
1.15
1.57
2.01
1.73
1.48
1.24
-0.02
0.22
2.32
5.35
6.69
7.15
8.02
7.81
7.61
8.18
7.71
6.13
7.15
6.08
5.78
4.65
5.52
5.86
5.09
4.6
5.23
5.21
5.1
5.19
4.31
4.49
5.07
5.6
7.69
8.73
9.28
9.3
8.84
7.67
6.45
5.06
6.38
5.52
5.63
5.69
5.98
6.02
6.11
6.31
6.71
6.93
7.19
7.5
5.8
5.27
6.01
7.11
8.28
9.68
10.66
10.87
10.69
10.22
9.9
7.53
7.58
5.96
5.0
4.46
4.16
4.29
5.31
7.15
7.0
6.92
7.09
7.23
7.21
7.63
8.15
9.0
10.05
10.85
10.98
10.34
8.87
8.89
8.89
8.48
8.17
7.97
7.81
7.67
7.47
7.18
7.06
7.0
6.96
7.0
7.03
6.96
5.32
5.19
5.47
5.68
7.28
8.26
8.65
8.67
8.59
8.03
7.37
6.77
7.05
6.22
7.45
7.25
7.08
6.66
6.16
2.45
3.63
6.07
4.94
2.14
6.57
6.63
6.4
6.09
6.21
7.07
7.85
6.22
4.38
4.61
4.56
3.74
4.31
5.47
5.99
5.41
5.07
4.78
4.67
4.53
3.69
2.81
3.48
3.21
3.82
3.81
3.67
4.35
5.38
5.9
6.1
6.27
6.73
5.94
5.17
4.63
3.89
3.59
4.01
-0.27
2.51
1.7
1.98
2.26
2.91
3.21
2.85
2.29
2.96
2.71
3.13
5.28
5.46
5.32
4.9
4.59
4.61
4.25
4.19
3.98
3.74
2.84
1.83
1.56
1.53
1.27
1.21
1.29
1.59
2.18
2.03
1.79
2.69
2.57
3.06
3.48
2.76
2.26
2.75
3.11
3.55
3.05
2.92
2.96
3.02
3.09
2.84
2.6
2.26
2.15
2.93
3.67
3.45
3.32
3.35
1.55
0.93
1.14
1.88
3.0
4.11
5.61
6.47
7.21
7.34
7.25
7.23
7.1
6.65
6.0
5.6
5.02
5.05
5.15
4.93
4.97
4.91
5.03
5.12
5.27
5.14
4.96
5.35
5.54
5.57
5.46
5.26
5.19
4.82
4.2
3.36
2.43
2.93
3.05
2.87
2.63
1.82
0.91
0.71
0.59
0.35
0.62
0.55
0.45
0.23
0.69
0.98
2.09
2.93
3.6
4.06
4.18
3.77
3.19
3.23
3.21
1.47
1.47
1.85
1.81
1.89
1.76
2.18
2.53
2.64
2.35
2.23
2.14
2.5
2.72
2.96
3.44
4.39
4.89
5.11
4.69
4.35
4.73
5.42
5.24
5.03
5.04
5.02
4.14
3.51
3.13
2.57
2.01
1.77
1.52
1.44
1.33
1.25
1.32
1.93
2.23
2.61
2.86
2.84
2.57
2.09
1.28
0.29
-1.14
-1.95
-1.96
-2.13
-1.93
-1.4
-1.15
-0.86
-0.56
-0.67
-0.7
-0.64
-0.63
-1.17
-0.75
-0.89
1.5
2.8
3.8
4.4
4.13
3.46
1.63
2.05
1.94
0.42
0.5
0.48
0.53
0.55
0.67
0.89
1.04
0.99
1.03
1.22
1.42
0.0
0.12
1.13
2.86
4.35
5.1
5.4
5.15
4.39
4.07
3.65
3.35
2.34
2.11
2.14
2.39
2.55
2.58
2.82
3.44
3.98
4.28
4.59
4.78
2.79
3.19
3.77
5.0
6.46
7.5
7.54
7.1
6.5
5.62
4.86
4.51
3.25
3.21
3.03
2.62
1.96
